0.0551601
0.0709447
0.0211664
0.0123742
0.00741981
0.0437426
0.0575206
0.00529291
0.00529291
0.0157842
0.00652797
0.0459981
0.00529291
0.00529677
0.00529291
0.0695622
0.0297224
0.023542
0.0169216
0.0352202
0.0119976
0.00529291
0.0192146
0.0288799
0.0199821
0.000891125
0.0187234
0.0132259
0.0327929
0.000224321
0.000620752
0.000731961
0.0197967
0.0111357
0.0114503
0.00111684
0.000296389
0.000312122
0.0266648
0.0106255
0.0150881
0.00865792
0.0113879
0.0115472
0.0213116
0.222514
0.0109375
0.0193746
0.012616
0.017729
0.0234578
0.00164884
0.00018818
0.0122099
0.0121846
0.0116271
0.0286209
0.0454547
0.0103547
0.0123344
0.0506772
0.0125907
0.0258289
0.00647231
0.0191758
0.00101056
0.00310978
0.0260286
0.0412842
0.0145937
0.0163507
0.0276994
0.0075237
0.0154146
0.0434399
0.0110824
0.0137958
0.0195324
0.0817383
0.00986117
0.0904183
0.0312362
0.0561945
0.0498748
0.00529291
0.00529291
0.0205286
0.00806337
0.00820645
0.00226932
0.0086645
0.00529291
0.102538
0.00529291
0.00529291
0.0117394
0.0424384
0.00529291
0.0101045
0.0328369
0.012051
0.0105539
0.0348556
0.0178147
0.0561387
0.0103846
0.0453521
0.00529291
0.00529291
0.0740455
0.00664784
0.02427
0.00529291
0.010882
0.0187656
0.00966064
0.0140256
0.0220747
0.0102321
0.00906961
0.0106006
0.0217423
0.0127449
0.0168223
0.0254122
0.0162183
0.0165807
0.000924782
0.0122124
0.0298346
0.0353249
0.0235326
0.00594889
0.0332168
0.012049
0.000609979
0.000254726
0.0118313
0.0215056
0.0137123
0.021341
0.0103425
0.0181465
0.0100779
0.00986135
0.0136066
0.0105925
0.0110391
0.0187031
0.0131925
0.000877341
0.0221403
0.0206454
0.0648087
0.0127741
0.0515974
0.000123866
0.000623038
0.0150949
0.000460905
0.0148426
0.0126613
0.0224474
0.0249422
0.00997104
0.00889995
0.0301676
0.057261
0.0102619
0.0675334
0.0518522
0.0155812
0.0915864
0.0110148
0.0520787
0.0181956
0.00804623
0.0132457
0.0408761
0.00906152
0.0112866
0.0103712
0.000886185
0.000129278
0.000285509
0.0103214
0.0382791
0.000568628
0.0118295
0.0227431
0.0132562
0.0141618
0.0179623
0.0215641
0.0144338
0.0449159
0.0099706
0.0160399
0.0305414
0.0115921
0.0115959
0.0251878
0.0439044
0.0778136
0.00529291
0.0470289
0.00728238
0.0910282
0.0105513
0.0172704
0.102852
0.0333983
0.00929009
0.0316298
0.0338286
0.00529291
0.00640113
0.00529291
0.100355
0.00987388
0.0210886
0.00219587
0.0111554
0.01521
0.00817072
0.000544466
0.0127746
0.0246242
0.023802
0.0204447
0.0486937
0.00824825
0.00529164
0.00529291
0.0253769
0.0126648
0.00529291
0.0151827
0.00878147
0.0379527
0.0851069
0.0105729
0.011246
0.0106867
0.000372539
0.0103535
0.00529291
0.0187839
0.0445934
0.00588325
0.032379
0.00529291
0.0923062
0.0572901
0.0141713
0.0133108
0.0123477
0.000997206
0.0226837
0.000488438
0.00929727
0.0234788
0.0178206
0.0179546
0.0322172
0.0119339
0.0241516
0.0114595
0.0129122
0.0289341
0.0231543
0.0843584
0.0261067
0.00529291
0.00529291
0.0895707
0.00529291
0.014064
0.00877376
0.0156148
0.0161738
0.00528556
0.00212988
0.110532
0.00857863
0.0752611
0.0432977
0.00841946
0.0485543
0.0354748
0.0466524
0.0104651
0.00990086
0.0454804
0.000614883
0.0145566
0.0193431
0.00529291
0.000257857
0.0187
0.0240635
0.0167775
0.0528482
0.00529291
0.0296564
0.0415085
0.00529291
0.00529291
0.0172784
0.0592185
0.000652356
0.00529291
0.013363
0.000209563
0.0310087
0.0374269
0.00883439
0.0140521
0.0108629
0.00730351
0.0657257
0.011266
0.0706991
0.0191106
0.00529291
0.00398699
0.00529291
0.0752685
0.0208524
0.0393942
0.00529291
0.0179305
0.0805666
0.00529291
0.00529291
0.00529291
0.00529291
0.0183356
0.00630485
0.0135446
0.0229308
0.0102557
0.012033
0.0107115
0.0242383
0.0109849
0.000905861
0.0190319
0.0413616
0.00820735
0.0189226
0.0201522
0.0274729
0.0764465
0.00631669
0.0131275
0.00803952
0.0172248
0.0262937
0.0108444
0.00529291
0.0576543
0.0288633
0.0229012
0.00529291
0.00529291
0.00529291
0.00529291
0.015861
0.00529291
0.00529291
0.00529291
0.00529291
0.0362123
0.00813978
0.0175098
0.019352
0.00529291
0.0338074
0.0150961
0.0340393
0.0122298
0.0162827
0.00687839
0.0418341
0.0106014
0.00854015
0.00199813
0.221405
0.0301697
0.00529291
0.0298927
0.0142997
0.00529291
0.0091861
0.0114296
0.00939888
0.0116272
0.0119781
0.024239
0.0284183
0.0126723
0.0108294
0.0139058
0.0131539
0.0156183
0.0126751
0.0433524
0.0112074
0.0289741
0.0238233
0.0182656
0.0107785
0.0613866
0.035192
0.00523635
0.000268536
0.026084
0.0161457
0.0151956
0.0142638
0.021537
0.000343369
0.00309618
0.00529291
0.00103159
0.0101411
0.000888622
0.0469546
0.0587413
0.00110012
0.0124367
0.00169892
0.00529291
0.0208065
0.0275614
0.00540785
0.0181422
0.0203894
0.0204486
0.0230139
0.000437129
0.0118957
0.0325208
0.0279498
0.000564924
0.131359
0.0399347
0.0861323
0.00529291
0.0464548
0.00529291
0.0459503
0.0228971
0.0115202
0.0143033
0.0442109
0.00529291
0.0113204
0.027304
0.0107197
0.0300466
0.0344086
0.0258039
0.0107255
0.00944685
0.00429873
0.0187554
0.00529291
0.00550841
0.0722458
0.036487
0.0133834
0.0274825
0.101523
0.00529291
0.00529291
0.00529291
0.100728
0.0814866
0.00529291
0.650948
0.604904
0.0054648
0.0129563
0.0109619
0.0226237
0.000600808
0.000425953
0.00572885
