0.280792
0.0410032
0.0304513
0.00955078
0.0521316
0.079909
0.029023
0.0133613
0.0472051
0.0472051
0.174916
0.0472051
0.0472051
0.056863
0.0646465
0.00180781
0.0472051
0.0472051
0.255281
0.0605605
0.00734139
0.00135159
0.00492803
0.00160243
0.00515601
0.00116344
0.0534358
0.0323742
0.0623853
0.152925
0.103383
0.0472051
0.0472051
0.0472051
0.00374633
0.0239428
0.0195773
0.0260251
0.00185517
0.00541631
0.318357
0.00467778
0.00335119
0.174916
0.0472051
0.00951679
0.00137231
0.0553509
0.127592
0.0456965
0.00505253
0.0556179
0.045494
0.0608912
0.0044305
0.00137693
0.00710841
0.00386886
0.00141091
0.034163
0.048088
0.0738168
0.0586234
0.00540554
0.00122601
0.0593736
0.00240043
0.143516
0.0647936
0.0670778
0.00846647
0.122796
0.0023284
0.0384498
0.061798
0.0469875
0.315887
0.00157001
0.000583086
0.168446
0.0475082
0.0474706
0.0528797
0.00390495
0.0383039
0.0270459
0.00644008
0.0294176
0.00475278
0.0175911
0.00102749
0.0116364
0.00138991
0.000336112
0.000561438
0.00689519
0.000637611
0.0832008
0.00425501
0.0194429
0.00689346
0.0953923
0.195053
0.0190624
0.0441112
0.071074
0.0611775
0.0414077
0.0012635
0.238647
0.000323502
0.0480804
0.000452494
0.00734562
0.0109251
0.0720905
0.00362701
0.067679
0.030719
0.227973
0.0570652
0.00627373
0.00700477
0.0223742
0.217093
0.00472306
0.00124839
0.000673612
0.108352
0.0485919
0.00648788
0.00734518
0.0177291
0.21273
0.0647791
0.00632768
0.19312
0.052644
0.00356092
0.00805737
0.00889162
0.0776706
0.00497398
0.0747784
0.0977458
0.00797856
0.00957506
0.000141484
0.00898422
0.00512636
0.000615793
0.0046794
0.0560851
0.0155151
0.00948589
0.0169267
0.0115945
0.00827455
0.0102801
0.0715295
0.0216432
0.00403271
0.0025095
0.00673594
0.00619442
0.0320387
0.000470335
0.00966532
0.00885293
0.0100378
0.0579046
0.052792
0.0429689
0.00942512
0.109644
0.0719994
0.0927134
0.0226256
0.0515439
0.00244669
0.0471144
0.151695
0.00886332
0.00884305
0.00617379
0.00504838
0.0129384
0.00171293
0.00124413
0.0154267
0.105951
0.0672839
0.0555861
0.0170958
0.0205231
0.0476894
0.0088983
0.0528441
0.0570296
0.00680077
0.00365875
0.0526215
0.0590598
0.0177989
0.00873802
0.0597438
0.043262
0.0274469
0.0646697
0.00320277
0.00282288
0.00159335
0.0189627
0.00604318
0.00136131
0.0443962
0.000515497
0.00550681
0.0135395
0.0140896
0.00735932
0.0276814
0.244164
0.205849
0.0610717
0.0110776
0.00444558
0.00253397
0.00133497
0.000911284
0.0472051
0.215562
0.0465764
0.00804457
0.0054513
0.0513309
0.00608842
0.235134
0.0128926
0.230733
0.0675229
0.00137555
0.0531502
0.00275625
0.0447561
0.00099479
0.00409716
0.0158187
0.00470071
0.0605656
0.194084
0.0152257
0.0717771
0.00825674
0.00332385
0.072828
0.00456839
0.0928674
0.144952
0.00905493
0.0499359
0.051113
0.0472051
0.000926722
0.000332035
0.00108107
0.00496511
0.0384321
0.00071704
0.0813674
0.0590215
0.00592377
0.0986694
0.00472791
0.00123736
0.0100004
0.0583543
0.00221319
0.0026382
0.0544069
0.280792
0.0472051
0.0472051
0.000508049
0.0185925
0.00290974
0.00654607
0.316655
0.0572972
0.0514311
0.00520013
0.00197869
0.0476338
0.0472051
0.0738929
0.00392793
0.0388307
0.0491647
0.00209119
0.0430329
0.213297
0.265044
0.160525
0.280792
0.174916
0.267416
0.0475453
0.174296
0.0489709
0.0470739
0.000647095
0.00778814
0.000793897
0.0472051
0.0959945
0.0472051
0.270444
0.0321361
0.280792
0.0472051
0.057827
0.00765472
0.134565
0.00727788
0.000657
0.00785053
0.0522127
0.00800283
0.0472051
0.174916
0.0472051
0.280792
0.0472051
0.0472051
0.0471414
0.0471158
0.0472051
0.012728
0.140927
0.0117734
0.00212799
0.00606735
0.0894784
0.00135296
0.046439
0.0581467
0.00412566
0.0524679
0.0472051
0.174916
0.0472051
0.0472051
0.0472051
0.0472051
0.0472051
0.0472051
0.0472051
0.0472051
0.0183459
0.0326694
0.0600732
0.0391799
0.031741
0.00248101
0.0614147
0.0810707
0.00339343
0.270344
0.0484575
0.00175744
0.0509883
0.00134972
0.0529613
0.00305738
0.00598465
0.0347432
0.00636819
0.149844
0.378456
0.0589979
0.0056832
0.00163403
0.0517213
0.145483
0.185622
0.0472051
0.0472051
0.0472051
0.0465105
0.000353131
0.055264
0.0472051
0.000460966
0.0602265
0.00432521
0.13526
0.00355136
0.00682307
0.132994
0.0520441
0.00121222
0.00944631
0.0600863
0.234857
0.00056751
0.0632087
0.0573948
0.0579929
0.119158
0.0802944
0.00150227
0.0778933
0.0562265
0.00215919
0.0597738
0.00115708
0.0510018
0.00194385
0.00104529
0.0431432
0.000772472
0.117354
0.0969149
0.139887
0.0122886
0.174916
0.0261776
0.17422
0.0480037
0.00922004
0.00037518
0.0379403
0.00704919
0.00823687
0.00545774
0.000722947
0.0779121
0.0123423
0.149077
0.00411673
0.0038404
0.0884257
0.00392665
0.00309153
0.00460506
0.00569447
0.00639389
0.0177232
0.0217756
0.0247022
0.00897431
0.00093018
0.206541
0.0335446
0.056974
0.0543478
0.0571377
0.241304
0.114802
0.00701882
0.0472051
0.000893794
0.174916
0.048628
0.0479914
0.0485346
0.000320991
0.0353146
0.00836867
0.000324905
0.00692137
0.00835869
0.0572585
0.00609678
0.00620706
0.0338132
0.00191181
0.0645904
0.00197087
0.00451598
0.0198343
0.00431665
0.124675
0.289926
0.000735195
0.00473178
0.15045
0.056314
0.0167472
0.0176693
0.060391
0.0104267
0.0522891
0.00630712
0.00592257
0.0680631
0.0604684
0.00434087
0.00418854
0.0473203
0.00183734
0.00789841
0.0524825
0.00636089
0.174916
0.000538524
0.0103836
0.20231
0.025368
0.0107588
0.0107623
0.0420221
0.0466983
0.00989971
0.0102642
0.0470967
0.0109721
0.0604603
0.0283223
0.0113813
0.00366714
0.200719
0.00627094
0.0174571
0.189644
0.15648
0.0363924
0.105293
0.00892968
0.0355402
0.0726694
0.00457872
0.0574493
0.00357137
0.00735574
0.0347932
0.0225571
0.047215
0.000270693
0.0464982
0.248785
0.0434038
3.79971e-05
0.0105918
0.0457431
0.0531592
0.00891498
0.00691397
0.0059917
0.00520747
0.00283001
0.0386431
0.0295432
0.0338246
0.00356413
0.118966
0.0804733
0.0867404
0.0203516
0.0321334
0.0100939
0.0193935
0.00499012
0.00197435
0.0576466
0.0182962
0.0578331
0.0521565
0.0543078
0.257998
0.0245793
0.00442562
0.00385914
0.00691028
0.00191505
0.00593908
0.000782077
0.0385504
0.000785463
0.0509034
0.118718
0.0472051
0.0102569
0.000365141
0.00724276
0.00970221
0.000164494
0.00621924
0.030447
0.0038949
0.0396506
0.0638021
0.00386031
0.060399
0.0298335
0.0248763
0.014007
0.112967
0.120244
0.0268101
0.0129313
0.0271846
0.166598
0.0403462
0.0385823
0.00247839
0.001892
0.0350613
0.00103376
0.00729798
0.00390392
0.0315009
0.000734389
0.271452
0.000338402
0.0464278
0.00125233
0.000824868
0.051064
0.0647339
0.0714811
0.029101
0.0657753
0.00489771
0.00114848
0.0162547
0.240017
0.0560439
0.00378116
0.0415718
0.0580774
0.0241522
0.0433228
0.0699873
0.00266456
0.0683338
0.0174254
0.0684173
0.00316521
0.0678105
0.0119793
0.00164037
0.0528227
0.00151562
0.0593857
0.000879116
0.00691276
0.0607366
0.0397535
0.237657
0.0886115
0.0476552
0.0375137
0.0485793
0.174916
0.001589
0.0455274
0.140145
0.0358231
0.0555388
0.288905
0.017576
0.10822
0.254657
0.00254472
0.0061749
0.0484131
0.0168965
0.00285015
0.0693813
0.334926
0.002711
0.102752
0.00175397
0.0663389
0.00331131
0.0472051
0.0472051
0.0472051
0.174916
0.174916
0.174916
0.0472051
0.280792
0.0656254
0.169704
0.0472051
0.0466414
0.0534876
0.168194
0.0497085
0.000649246
0.0546593
0.0369012
0.00693222
0.000810614
0.000578583
0.000877168
0.00760005
0.00731302
0.0507685
0.046316
0.046899
0.000614212
0.163318
0.260032
0.122234
0.0614439
0.0507829
0.0472051
0.0507856
0.0472051
0.280792
0.280792
0.175044
0.280792
0.0108048
0.134224
0.0605846
0.0877407
0.00203184
0.0853405
0.0393986
0.00111249
0.0307923
0.174916
0.00120956
0.0226333
0.0472043
0.121487
0.00486505
0.000702416
0.00268114
0.00710139
0.0811297
0.00981215
0.0497952
0.000226303
0.0106489
0.143642
0.166149
0.0241449
0.00191547
0.00870408
0.0641893
0.054127
0.00112437
0.00145108
0.150395
0.0741792
0.00473732
0.00872324
0.0100484
0.108659
0.0230517
0.00692934
0.00560541
0.00411999
0.0173195
0.0579356
0.0703723
0.00387587
0.0477132
0.12858
0.00302821
0.0076146
0.00533792
0.0064085
0.0695532
0.106907
0.00485264
0.00758623
0.0472051
0.0472051
0.00386714
0.00733788
0.174916
0.16753
0.00300269
0.072416
0.0472051
0.174916
0.0472051
0.174916
0.046959
0.0472297
0.0460253
0.0472051
0.0472051
0.167024
0.0661024
0.213042
0.174916
0.0472051
0.280792
0.0862396
0.0465478
0.00548467
0.00184157
0.0444788
0.0329868
0.109086
0.0472051
0.0472051
0.0787133
0.0242874
0.0266865
0.0477391
0.0079441
0.0180737
0.0236716
0.00728386
0.122104
0.177907
0.174916
0.174916
0.0660263
0.00249291
0.0391938
0.0100755
0.0799552
0.00621675
0.0217532
0.013054
0.0636758
0.0135889
0.018391
0.0376708
0.01206
0.00504759
0.00138137
0.00429686
0.00536145
0.0655881
0.00380092
0.128142
6.91113e-05
0.0101024
0.00327821
0.0490774
0.00102348
0.00446211
0.0503975
0.00403642
0.00654053
0.226876
0.0433651
0.00919945
0.0389428
0.0525667
0.00429943
0.00721001
0.116387
0.0326547
0.0472051
0.00484365
0.235722
0.0254173
0.00143014
0.00569435
0.0471871
0.0441707
0.0472051
0.289454
0.00805549
0.0316605
0.0533036
0.0843099
0.0810003
0.0030853
0.031678
0.00266497
0.113369
0.174916
0.0037994
0.280792
0.280792
0.00768043
0.0434317
0.00662757
0.0472051
0.174916
0.0164604
0.0363515
0.0472051
0.174916
0.0472051
0.174916
0.0465917
0.0472051
0.0104627
0.280792
0.0472051
0.0552294
0.136903
0.117954
0.0472051
0.0472051
0.00019729
0.000419158
0.0085315
0.001015
0.000647765
0.00975132
0.0984762
0.0051553
0.00310922
0.0466416
0.063195
0.0169539
0.02371
0.0132087
0.00437905
0.174446
0.000341142
0.00844855
0.0441039
0.060004
0.0279529
0.0176157
0.00722299
0.00151711
0.130532
0.00112725
0.0227473
0.00100198
0.0447255
0.142024
0.00273228
0.00357134
0.00169737
0.00714784
0.00023839
0.0611
0.00112983
0.26932
0.0472051
0.00093901
0.0472051
0.121462
0.0643581
0.0273845
0.0601715
0.0474115
0.174028
0.174916
0.00258379
0.059813
0.174916
0.174916
0.0472051
0.0635761
0.0331372
0.00738886
0.11154
0.0957304
0.0511019
0.0472051
0.0580583
0.0446255
0.0609906
0.0862146
0.0198371
0.000757184
0.000861501
0.00409677
0.00100793
0.00561942
0.0472051
0.0472051
0.0472051
0.0472051
0.0788052
0.0264093
0.0880866
0.0461734
0.132663
0.174916
0.000979937
0.00538594
0.00505707
0.00413649
0.00775777
0.00904766
0.0188722
0.037936
0.00284136
0.0343338
0.0293873
0.00103741
0.0180507
0.0364292
0.00452412
0.0504689
0.0531584
0.0291382
0.00465292
0.0296644
0.00942401
0.00796567
0.00333481
0.0435682
0.0688049
0.00281219
0.00419226
0.0786813
0.0507643
0.0052796
0.0472051
0.0472051
0.0472051
0.0472051
0.057453
0.0472051
0.116657
0.0472051
0.0472051
0.0472051
0.0472051
0.0472051
0.0472051
0.174916
0.174916
0.0970006
0.0279107
0.00631686
0.0426649
0.0466851
0.00834987
0.186583
0.138742
0.0316554
0.0208758
0.171973
0.103017
0.00797965
0.00713587
0.0291649
0.0238876
0.0219081
0.00408007
0.00468758
0.0604876
0.0595877
0.00436561
0.0304342
0.0051388
0.00343838
0.0472045
0.0468082
0.00472213
0.000997491
0.0472051
0.0565615
0.00561506
0.0636651
0.0106099
0.0472051
0.0472051
0.0472051
0.174818
0.174916
0.0472051
0.0472051
0.172426
0.141094
0.0333212
0.0472051
0.174916
0.0564009
0.0925915
0.110048
0.12993
0.0624375
0.0616278
0.0472051
0.0747281
0.174916
0.0472051
0.0472051
0.0461233
0.00702634
0.0323275
0.00333382
0.0472051
0.3153
0.00908931
0.00755995
0.0472051
0.0472051
0.0472051
0.0472051
0.00128785
0.00759161
0.0242152
0.0466436
0.028209
0.00570875
0.000132456
0.00927412
0.014053
0.118022
0.0664553
0.174916
0.00134197
0.0156617
0.0471746
0.280792
0.0604346
0.0215251
0.173688
0.00693301
0.0213565
0.00490599
0.174916
0.0472051
0.00210024
0.0428407
0.0711262
0.0266729
0.0940404
0.0466321
0.0472051
0.0603539
0.0605176
0.0442285
0.174916
0.0031708
0.0211129
0.0215455
0.174916
0.0472051
0.000512054
0.0348875
0.0347339
0.0528094
0.0472051
0.0472051
0.0450435
0.0426943
0.0621559
0.0380675
0.00706532
0.00701061
0.0056233
0.00878059
0.0215891
0.011877
0.0958177
0.0249018
0.0408925
0.041942
0.0468761
0.00691777
0.011842
0.0787294
0.00317898
0.611863
0.0472051
0.0472051
0.0472051
0.0472051
0.0472051
0.0472051
0.0472051
0.0667135
0.00277358
0.144566
0.194463
0.0186935
0.00678072
0.0287778
0.131315
0.0957451
0.0251499
0.0233303
0.0279649
0.0319468
0.00739282
0.040275
0.00545603
0.0472051
0.0472051
0.129732
0.0472051
0.0572097
0.0270338
0.00487506
0.0755299
0.00144803
0.00117186
0.0598973
0.069459
0.0472051
0.0472051
0.0472051
0.0663487
0.174916
0.174636
0.00501569
0.0165865
0.0104885
0.174916
0.174916
0.0472051
0.00953395
0.0472051
0.0472051
0.00794751
0.0102651
0.0386708
0.0472051
0.0567559
0.0206006
0.0264814
0.0472051
0.0472051
0.174916
0.0569795
0.0553216
0.0843898
0.174916
0.0202051
0.00141238
0.0549267
0.0161133
0.13279
0.0464061
0.0357971
0.059041
0.0304987
0.0564175
0.13972
0.0459591
0.0388768
0.0545494
0.174967
0.174916
0.0056296
0.0614831
0.00139947
0.0216181
0.0577532
0.00961872
0.00156201
0.00861834
0.00137399
0.00370167
0.2848
0.0472051
0.00780568
0.0519983
0.00734693
0.137283
0.00459195
0.0035823
0.00326053
0.0574853
0.00492929
0.00623408
0.00418856
0.0472051
0.00082471
0.0453688
0.119755
0.0472051
0.125561
0.0443984
0.0720644
0.280792
0.0048864
0.0442954
0.0075365
0.12586
0.0414711
0.0174601
0.000376689
0.00509979
0.0131813
0.0301025
0.0472051
0.0472051
0.0472654
0.0103616
0.0395704
0.0458964
0.0463542
0.0472051
0.0472051
0.0472051
0.0472051
0.0472051
0.00541407
0.000825461
0.0897419
0.020896
0.00466403
0.0107019
0.0441793
0.0472051
0.0472051
0.0540066
0.0355238
0.004929
0.0019444
0.00855451
0.0180995
0.0745259
0.0324513
0.092024
0.0245603
0.0458214
0.0472051
0.0342399
0.0482096
0.039102
0.0220246
0.0192735
0.0191457
0.00173271
0.0446311
0.046656
0.0472051
0.0472051
0.0472051
0.0472051
0.0472051
0.0369571
0.188218
0.0254046
0.0338578
0.00735508
0.0127086
0.0215369
0.0472051
0.0129686
0.0284475
0.067881
0.00024144
0.0139301
0.000567105
0.0840241
0.00883141
0.0500901
0.0302685
0.0126977
0.0581038
0.0069235
0.0377447
0.0373511
0.0463769
0.137579
0.00370856
0.0677586
0.348958
0.189272
0.0070737
0.00826605
0.063629
0.00598851
0.00506239
0.129759
0.116169
0.0472051
0.0472051
0.00144396
0.00217735
0.0220499
0.00414267
0.0710034
0.00131281
0.0072453
0.00297942
0.0602592
0.00630346
0.0132684
0.049151
0.00276028
0.0253471
0.0730385
0.174916
0.0632968
0.0473216
0.0688684
0.0049528
0.0107542
0.0281324
0.00293464
0.00268725
0.0201713
0.0053952
0.0139478
0.00407022
0.00270158
0.14318
0.0472051
0.0472051
0.0472051
0.00707928
0.0417436
0.0472051
0.0548512
0.0467015
0.0472051
0.0474635
0.0472051
0.02253
0.0543527
0.00612786
0.0069593
0.00503879
0.00546083
0.182403
0.0472051
0.0779792
0.17473
0.0472051
0.0413329
0.0735191
0.0662565
0.0666758
0.00275972
0.0472051
0.0472051
0.0231563
0.00138973
0.0151341
0.037304
0.0597487
0.0497502
0.0472051
0.0464703
0.0472051
0.0472051
0.0472051
0.0472051
0.0472051
0.0270238
0.0181778
0.00964396
0.100254
0.00843147
0.0472051
0.00492614
0.148478
0.00675657
0.00591771
0.045965
0.00293318
0.00102124
0.0458082
0.0208492
0.0289571
0.00396343
0.164855
0.039753
0.174916
0.0106673
0.0219647
0.00160758
0.0491153
0.00953395
0.105463
0.0472051
0.00846519
0.048676
0.00834903
0.0362
0.125777
0.0387197
0.000612574
0.0064578
0.0810629
0.00101837
0.00635263
6.29005e-05
0.0329087
0.0318417
0.0507758
0.0132684
0.0686467
0.143776
0.0726508
0.13609
0.0106739
0.280792
0.00117903
0.00638423
0.00153059
0.0978519
0.00393119
0.0191531
0.0102618
0.000889325
0.00773688
0.00328594
0.00544137
0.00159577
0.0543072
0.00555646
0.0538559
0.000502184
0.195742
0.280792
0.0314887
0.00738784
0.0105063
0.174916
0.0470161
0.0785164
0.0581909
0.354924
0.00181783
0.00257742
0.0658765
0.253546
0.00718108
0.000806
0.122714
0.0186606
0.0200583
0.280792
0.0925915
0.0677239
0.0476715
0.0049057
0.174916
0.0617529
0.0473314
0.00465019
0.0632039
0.103692
0.0830155
0.0466697
0.0421155
0.174766
0.151061
0.235602
0.0961426
0.029043
0.280792
0.00311283
0.242505
0.111089
0.0292163
0.0749654
0.0962877
0.00635051
0.0219162
0.0473216
0.0890639
0.0173309
0.0483882
0.0115081
0.00629536
0.00362464
0.0794661
0.0592346
0.00933426
0.024658
0.00640418
0.00533518
0.00611766
0.0117562
0.00301882
0.0469443
0.0472051
0.0589981
0.0515103
0.00597839
0.0604166
0.0472051
0.0503835
0.0120591
0.02331
0.089284
0.106601
0.00468422
0.0143734
0.0202201
0.164697
0.0800784
0.00774742
0.0383479
0.080935
0.0573177
0.036999
0.0472051
0.0472051
0.0472051
0.0472051
0.0194514
0.0112199
0.0472051
0.0472051
0.0217098
0.0117869
0.0151654
0.0472051
0.0957583
0.0467829
0.0484225
0.0396374
0.0260965
0.0141721
0.0472051
0.00483445
0.0463457
0.0472051
0.0472051
0.0472051
0.026321
0.0472051
0.0459544
0.0219277
0.0292566
0.0486367
0.17059
0.0181778
0.0581079
0.0262255
