0.077566
0.0189917
0.0177691
0.0182285
0.000951193
0.000951194
0.000950448
0.0050786
0.000760012
0.0379037
0.000951194
0.0347937
0.000423318
0.000285721
0.000109055
0.000509691
0.000654269
0.000810498
0.000254794
0.143391
0.000752471
0.000951194
0.000951194
0.000951194
0.015573
0.0172857
0.000122043
0.000137244
0.0014658
0.000210663
0.000119932
0.0191648
0.0268757
9.3235e-05
0.0239754
0.000214049
0.0218633
0.000115735
0.000272076
0.00132231
0.000193356
0.0247901
0.0325553
0.105001
0.000441181
0.000418063
0.000244608
0.00170181
0.0406271
0.000551957
0.0243811
0.0216319
0.0306693
0.0231772
0.0230767
5.05556e-05
0.000134548
0.0079432
0.0493746
0.000114767
3.64615e-05
0.00105104
7.52983e-05
0.0203544
5.44233e-05
3.97276e-05
0.00010854
5.74668e-05
5.70766e-05
0.0151136
0.0193537
0.0182989
0.00951141
0.0222753
0.0219198
0.000218507
0.0141085
9.57999e-05
0.0171215
0.000128317
0.000229257
5.82432e-05
2.23975e-05
0.0212716
0.0193676
0.00110136
0.0170421
0.0209339
0.0163509
0.000270267
6.86079e-05
2.2496e-05
2.69143e-05
0.0154829
0.0120013
0.000767544
7.55252e-05
0.0123087
0.000601046
0.0182901
0.0221558
0.00110461
0.0119122
0.0146736
4.95786e-05
0.000107648
0.000434736
0.000156247
0.000387687
6.43892e-05
0.0197438
0.000817882
0.0174942
0.0282204
0.0192588
0.0198382
0.0203772
0.0165213
0.039991
0.0189227
0.000271132
0.0111136
0.000119612
0.000128552
0.0327343
0.161416
0.152999
0.000228357
0.0165874
0.0193988
0.0524284
0.0169857
0.000317924
6.10111e-05
0.000173893
0.000157623
0.0148821
0.000276954
9.50455e-05
0.0124022
0.0233136
0.0205577
0.0149879
0.0213817
0.000111956
9.74831e-05
0.0137348
0.000539043
0.0190022
0.000304623
0.0222972
0.000334835
0.000271168
0.000297759
0.0131811
6.14519e-05
0.000201356
0.0249151
0.0259392
0.0257781
0.0207409
0.0139836
0.0116808
0.0345242
0.000681227
0.000407895
0.000116534
7.57224e-05
0.000951194
0.0122989
0.0411909
0.00019202
0.000355775
2.16341e-05
0.000102798
0.0137106
0.022829
0.000762569
0.000234726
0.000690065
0.0187107
0.00119218
0.0224579
0.0201767
0.0149651
0.0217169
0.0279407
0.000476835
0.0201172
0.000977356
0.000242594
0.000240577
0.0204102
0.000176597
0.0356488
0.020304
0.000621047
0.000306435
0.00025985
0.000317078
0.00914831
0.000951194
0.000951194
0.000951194
0.000919163
0.000627818
0.0245515
0.018728
0.000146578
0.000228139
0.109896
0.0257196
0.0170256
0.0145211
0.0225223
0.0219105
0.038487
0.000951194
0.0179435
0.0867475
0.00124669
0.023705
0.0338812
3.95682e-05
0.000168879
0.000951194
0.000951194
0.000951194
3.80511e-05
0.00186609
0.000128453
3.14611e-05
4.12716e-05
0.0943928
0.00408288
0.000956224
0.000951194
0.0136367
0.000780157
0.0153854
0.0269576
0.000477599
0.000967291
0.0164961
0.110408
0.0199771
0.0351875
0.000951194
0.000951194
0.000951194
0.000951193
0.000951194
0.000951194
0.000951193
0.000951194
0.00450429
0.0142147
0.00431356
0.0289214
0.00398422
0.0222577
0.0505042
0.000989772
0.0204879
0.020005
0.000257453
0.0210878
0.0203069
0.00017324
0.013351
0.000323406
0.0184836
0.0439594
0.000328208
0.000717417
0.000951194
0.000951194
0.000184516
6.67639e-05
0.00111481
0.0301643
0.022415
0.0177276
0.000348582
0.000164333
0.000642399
0.000533247
0.0211444
0.0220319
8.5415e-05
0.030196
7.4488e-05
0.000217521
3.41054e-05
0.000233728
0.0638594
0.0898777
0.000262784
0.000951194
0.00844813
0.000951194
0.00565153
0.000104147
3.89176e-05
0.0158887
0.0151103
0.00010349
0.00147449
0.0140625
0.000622321
0.000268612
0.0630864
0.0215284
0.0154963
0.0221349
0.0191834
8.30105e-05
0.0112235
0.0178868
0.000107749
0.0149551
0.000190814
0.00111787
0.000107215
0.000951194
5.41763e-05
0.120354
0.000119311
0.0319761
1.60221e-05
0.000119186
8.17511e-05
4.47101e-05
0.0151572
0.0149949
0.00115705
0.000258856
0.000380716
0.0146125
0.000552995
0.0179367
0.000633971
0.008455
0.0214088
0.00874906
0.027155
0.00049426
0.00847449
0.000180757
0.0128361
0.0117242
7.65847e-05
0.00752752
0.000223335
0.000441484
0.00016965
0.000262799
0.000136537
0.00059499
0.00151963
0.00797565
0.0120077
0.00215558
0.0197713
0.0166475
0.0559359
0.0468081
0.0205838
0.0522167
0.018952
0.0468239
0.000472762
0.01122
0.0185018
0.000165994
0.000254715
0.102512
0.000207207
0.000201018
5.4771e-05
0.000133014
2.4846e-05
0.000198589
0.00108257
0.01271
0.0197038
0.000713822
0.0222147
0.0184009
0.000572669
0.021246
0.018739
0.00762535
0.0178492
0.000267505
0.0212844
0.000140314
0.0263622
0.019391
0.000936145
0.000240171
0.017424
0.00024459
0.0145005
3.17792e-05
4.84392e-05
0.0746079
0.000131589
2.55198e-05
0.000348783
0.000278202
5.67901e-05
0.0147145
0.000980654
0.0151381
0.000568231
0.000322469
0.0219557
0.0173852
0.0227228
0.0234687
0.0137271
0.00699012
0.0221989
0.0241492
0.013765
0.0248698
0.000729676
0.000175291
0.0171126
9.82214e-05
0.0166519
0.00115262
0.0173347
2.44199e-05
0.000949548
0.00483637
0.00030098
0.000234427
5.28347e-05
0.0245804
0.0357495
0.0223165
0.0207594
0.000845114
0.0307457
0.00028393
0.0379488
0.0268644
0.000314002
0.0300756
0.000444739
0.0162355
0.0136914
0.0200587
0.019127
0.0158567
0.0253645
0.000206287
0.000182353
0.000301969
0.029276
0.0208251
0.000951194
0.00101106
0.00611159
0.00151376
0.000935096
0.000181227
0.000588555
0.000412927
0.0183244
0.0243474
0.000553827
0.035381
0.000607092
0.000951193
0.00100894
0.000951194
0.000951194
0.000951194
0.000951194
0.0244516
0.115296
0.000951194
0.000951194
0.100204
0.000132078
1.80417e-05
0.000274713
0.0263181
6.55203e-05
0.016597
3.81051e-05
0.000533655
3.78379e-05
0.0209254
0.131367
3.73637e-05
0.0422569
0.00906208
0.0109213
0.000951194
0.027494
0.0826752
0.000314321
0.123399
0.00770835
0.0162137
0.000222425
0.0146143
0.000420551
0.0221326
0.00118455
0.116906
0.000272918
0.000229031
0.000623608
0.0199601
0.0174705
0.0242801
0.0240871
0.000176344
0.0172634
0.0178093
0.0143171
0.000178123
0.00158973
0.000698403
4.45259e-05
7.25021e-05
0.00858316
0.000883127
0.000126747
0.0179415
0.0199898
0.0329375
0.00554946
0.00533102
0.000398182
0.0199149
0.00213791
0.0210417
0.000481784
0.00132681
0.000205711
0.0181232
0.0205892
0.000951194
0.000951194
0.000342334
0.000179506
0.000951194
0.000951194
0.000951194
0.413935
0.000951194
0.0374492
0.0685917
0.000951193
0.0271459
0.0132518
0.000951194
0.0018832
0.00220881
0.000428389
0.0155681
0.0131617
0.0349859
0.000951194
0.000951194
0.0364727
0.031372
0.0170428
0.00108812
0.000162658
0.0215689
0.0101523
0.0223177
0.0398761
0.000951194
0.0343116
0.00055873
0.0153508
0.000473775
0.00108593
0.0185853
0.0183477
0.00103685
0.0213413
0.017554
0.036952
0.0143609
0.000634322
0.000147582
0.00028095
0.000742274
0.00110209
0.000319925
0.000942299
0.0354691
0.000184798
9.66074e-05
0.0177132
0.000727276
0.0326715
0.0621299
0.0235908
0.0115422
0.000474691
0.00998332
0.0259804
0.000951194
0.000399327
0.0141176
0.0290727
0.000189463
0.000951194
0.000951194
0.0235661
0.0155264
0.0304759
0.0345526
0.0236429
0.0230987
0.000781396
0.0432709
0.00103086
0.0209463
0.000951194
0.000951194
0.00228121
0.0455736
6.82818e-05
0.0244934
0.0172599
0.000951194
0.000951194
0.00147618
0.0203545
0.000951194
0.000951194
0.0185187
0.0256287
0.00118584
0.000254013
9.13822e-05
4.85303e-05
7.48641e-05
0.000196822
0.0215781
0.000110554
0.0236797
0.000299572
0.0208157
0.0136712
0.000602595
0.00223249
0.000100659
0.00988962
0.0149899
0.000148485
0.0122035
7.38619e-05
0.0227087
0.00102238
0.000655503
4.88452e-05
0.000192933
0.0272592
7.71558e-05
0.0782437
0.0276113
0.000951194
0.0251398
0.000983472
0.0143759
0.0212935
0.0292401
0.000951194
0.000951194
0.000951194
0.0228245
1.83491e-05
0.00110627
0.0132623
0.000310575
0.0224216
0.0183958
6.75394e-05
0.00012416
0.00257851
0.000951194
0.000951194
0.000951194
0.0144973
0.0366323
0.0185031
0.000951194
0.00360463
0.022157
4.14226e-05
0.000160939
0.0119176
0.0203744
0.000812678
0.011027
0.0131543
6.65928e-05
0.0199252
0.0196493
0.0256163
0.0194614
0.0234896
0.0263026
0.000812937
0.0126242
0.000313849
7.9625e-05
0.00114429
0.0148763
0.0291427
0.0288789
0.0350035
0.000951194
0.000951194
0.000951194
0.13521
0.000951194
0.0715824
0.000951194
0.000951194
0.000951194
0.000951194
0.000950706
0.000982891
0.0255688
0.0179788
0.000392127
0.0278324
0.0590817
0.017316
0.0375671
0.0150655
0.0175714
0.0471143
0.061909
0.0194579
6.87389e-05
0.0136764
0.0158434
0.0123939
0.000328324
0.000455146
0.0191344
0.0192551
0.000550555
0.000951194
0.000560472
0.000103167
0.000146514
0.000404607
0.000951194
0.000951194
0.000951194
0.000951194
0.00094926
0.000951194
0.000951194
0.035824
0.0233252
0.000951194
0.000951194
0.0140341
0.000737861
0.000739608
0.0322074
0.000951194
0.000951194
0.000975209
0.000146839
0.018323
0.000176772
0.000951194
0.0264067
2.62854e-05
0.000951194
0.000951193
0.0227164
0.000189183
0.000302677
0.0184405
0.0344116
0.000951194
0.00648196
0.000951193
0.0163981
0.00275953
0.000127893
0.000349076
0.000951194
0.000311226
0.0209175
0.0451119
0.000446101
0.00052535
0.0348568
0.343684
0.000147542
0.0247065
0.000951194
0.000951194
9.76272e-05
0.0341262
0.0117824
0.000951194
0.000951194
0.100637
0.0240918
0.000288191
0.013016
0.000350277
6.8102e-05
0.000342187
0.000256611
0.019617
0.0404611
0.015076
0.0141963
0.0155474
4.55649e-05
0.00576874
0.000951194
0.000951194
0.000951194
0.000951194
0.000951194
0.000951194
0.0174026
0.0256524
0.0170298
0.000598997
0.00807398
0.0386342
0.0161976
0.00874964
3.34811e-05
0.00197154
0.000951194
0.000951194
0.0186143
0.0224667
0.0197521
0.0184118
0.000528853
0.000951194
0.000951193
0.000951194
0.0309113
0.000951194
0.00114074
0.000569395
0.0158026
0.00039424
0.000951194
0.000951194
0.000951194
0.018796
0.000951194
0.0246477
0.0194358
0.000951194
0.000951194
0.0180093
0.0232546
0.0330296
0.0296452
0.113346
0.0344676
0.0234218
0.0249606
0.0171605
0.00253993
0.000951194
0.000951193
0.0164063
0.00013515
0.0162042
0.0172345
0.0332737
0.00287383
5.82609e-05
2.12199e-05
2.24351e-05
0.0120144
0.000369506
0.000897284
0.000116963
0.00275767
0.000951193
0.000233844
0.0544687
0.000951194
0.015898
0.000388428
0.0341083
0.02022
0.0240648
0.00236103
0.000168879
0.0164639
0.0225427
0.00148772
0.000951194
0.0214907
0.0198156
0.0229879
0.000951194
0.000951194
0.000951194
0.000951194
3.99698e-05
0.0462937
0.0167649
0.000302602
0.0145962
0.00132954
0.000951194
0.0228983
0.0381783
0.000397913
0.00160408
0.0258589
0.0452458
0.0228124
0.0443129
0.0193628
0.0205092
0.0263938
0.0115688
0.0237136
0.018051
0.000337094
0.0463107
0.00427959
0.000951194
0.000951194
0.000951194
0.000951194
0.000951194
4.09307e-05
0.000951194
0.0873781
0.00116226
0.017718
0.0146027
0.0158882
0.0273791
0.00117856
0.0402975
0.0010953
0.000578827
0.000196448
0.0707737
0.000951194
0.00034733
0.0138766
8.49203e-05
0.02057
0.0197541
0.000978601
0.0228102
0.000181517
0.0188274
0.0208289
0.000343414
0.0308916
0.000951194
0.000951194
0.000951193
0.000877604
0.0194932
0.000951193
0.00659778
0.0218871
0.0182976
0.000114168
6.93811e-05
0.00108902
0.000199808
0.00305086
0.039878
0.0321775
0.0435295
0.0478733
0.000951194
0.0136877
0.000113496
0.0271059
0.0170789
0.000951194
0.00858506
0.000951194
0.000951194
0.000951194
0.0441059
0.000951194
0.000148402
0.00122223
0.0176117
0.0164367
0.000216593
0.00572911
0.0150059
0.0180726
0.000964594
4.6739e-05
0.0530231
0.0157057
0.0263059
0.000118762
8.55508e-05
0.000100515
0.00014084
0.0208941
0.000761706
3.4704e-05
0.000331258
0.000931824
7.79044e-05
0.00715464
0.000951194
0.149607
0.0212835
0.0296603
0.000951194
0.000308974
0.000133735
0.000296683
0.000301838
0.000171555
0.0215468
5.92431e-05
0.0206173
0.0146699
0.000949817
0.000951194
0.0173156
0.000951194
0.0424498
0.0185381
0.0228473
0.0500085
0.0184213
0.0186297
0.00993127
0.000951194
0.000951194
0.000951194
0.0178928
0.0177506
0.0174536
0.0210222
0.000951194
0.00157552
0.056542
0.0179063
0.000951194
0.00105048
0.0106591
0.0435278
0.0138429
0.0259555
0.001093
0.0112343
0.0181202
3.63775e-05
0.0229465
0.0186613
0.0438957
0.000377444
0.0169794
7.31533e-05
0.000796083
0.000951194
0.000951194
0.00648032
0.000951194
0.0216618
0.000951194
0.0227226
0.000951194
6.42928e-05
0.00134714
0.0201646
0.000951193
0.000375745
0.0204857
0.000951194
0.000951194
0.000951194
0.000951194
0.00849221
0.0011815
0.00791508
0.000101105
0.019445
0.020316
0.0211967
0.0227625
0.199566
0.0388643
0.0477649
0.0220408
0.0338151
0.0107357
0.0414655
0.0169718
0.0172309
0.0188234
0.0242672
0.0287052
0.000951194
0.0358074
0.004125
0.000951194
0.0284947
0.000951194
0.000951194
0.000951194
0.000951194
0.138232
0.0204076
0.000951194
0.000951194
0.000717139
0.0292675
0.0182816
0.000951194
0.0156685
0.0382145
0.000429617
0.0194538
0.0380183
0.025431
0.000287076
0.000963175
3.5095e-05
7.57833e-05
2.54775e-05
0.00011599
8.1727e-05
0.000501669
0.0105616
0.00160809
0.000501113
0.00153565
0.00011377
2.17702e-05
0.0169835
0.000423883
0.00101081
0.014415
0.0212655
0.000951194
0.0341196
0.000951194
0.000596411
0.0592901
0.0227411
0.0398195
0.000166445
4.35816e-05
0.0913502
0.00215368
0.000168379
0.0503993
0.102296
0.000147539
0.000951194
0.0234269
0.00314167
0.000951194
0.0214643
0.000443791
0.0355997
0.00127832
0.0140565
0.0117372
0.000951194
0.00127002
0.0125227
0.000226635
7.46104e-05
0.00123201
0.000168329
5.30748e-05
0.00800097
0.021214
0.011606
0.000262629
0.0614497
0.0246455
0.00745321
0.0188644
0.0196535
5.27956e-05
0.0219747
0.0199348
0.0180475
0.0157181
0.000951194
0.00326624
0.015671
0.0247011
0.00235202
0.0181051
0.0177405
0.0200047
0.0251501
6.67776e-05
0.000951194
0.0057987
0.0648045
0.000951194
0.175936
0.00130217
0.000951194
0.000256342
0.000951194
0.000951194
0.171973
0.000800256
0.0413496
0.0798521
0.00189894
0.0350729
0.000344149
0.000356498
0.0225849
0.000280682
0.020582
0.000259217
0.0385875
0.000169924
0.0198136
0.000397707
0.0221669
0.0474248
3.64486e-05
0.0288996
7.83828e-05
0.0238778
0.000137197
0.0191197
0.0154727
0.0011481
0.0967847
0.000951194
0.000140624
0.0170904
0.00775369
0.000286809
0.0226906
0.00387647
0.000536086
0.0191979
6.38644e-05
0.0260155
0.000313348
0.0202857
0.0999248
0.0874408
0.000742976
0.0108364
0.000335764
0.0104011
0.000510891
0.0119811
0.0076049
0.00167756
0.000142852
0.01903
0.0167012
3.24983e-05
0.0589285
0.000951194
0.209244
0.0945457
9.0346e-05
0.0182263
0.000585076
0.0198272
0.000131748
0.0227942
0.00051244
0.019509
0.000759358
0.0208785
0.00080298
0.0277967
0.000230241
0.0139971
0.00105537
0.0273223
0.000400844
0.0151963
0.14528
0.0244441
0.000126164
0.000145415
0.0110001
8.47546e-05
0.00104459
0.0198262
0.150246
0.000951194
0.00103296
0.0151128
0.000951193
0.0536835
0.000951194
0.000691711
0.0187441
0.00081199
0.0177693
0.0246748
0.0099056
0.0306624
0.000951194
0.121165
0.00111619
0.00154213
0.0203297
0.000965226
0.0186448
0.028516
0.00033364
0.000335254
0.0172527
4.21266e-05
0.0355084
0.00109629
0.0303315
0.000951194
0.00158805
0.0233536
0.000325042
0.0292472
0.000837437
0.0167505
0.000951194
0.000951194
0.000120411
0.013912
0.0141531
0.000951194
0.0151946
0.00134463
0.019713
0.00487582
0.00688754
0.000207513
0.000199394
0.00919578
9.13741e-05
0.000216592
0.000459239
0.0176025
0.0229657
0.00737588
0.0003244
0.0396729
0.0161464
0.0214206
0.0193606
0.0460025
0.0179888
0.0312055
0.0494024
4.68747e-05
0.00096786
0.000951194
0.000951194
0.00367105
0.000757509
0.000951194
0.000951194
0.000951194
0.000991964
0.00905891
0.000493013
0.000663531
0.0172665
0.0151909
0.0132056
0.012754
0.000130104
6.63103e-05
0.0227822
0.0015038
5.81011e-05
0.000951194
0.000951193
0.0365099
0.0225171
0.000951194
6.76161e-05
9.94929e-05
0.0228363
4.28254e-05
0.000951194
0.000951194
0.000951193
0.000951194
0.000951194
0.0149523
0.0317661
0.000951194
0.000951194
0.0304698
0.026048
0.000951194
0.0304749
0.000951194
0.0221066
0.0212782
0.0196121
0.044026
0.0219397
0.0166801
0.000951194
0.00198064
0.000524883
0.000951194
0.000951194
0.000951194
0.00888993
0.000951194
0.000991943
0.000676199
0.0175757
0.000951194
0.000419864
0.0107617
0.021226
0.0307954
3.56195e-05
8.03378e-05
2.84807e-05
2.81893e-05
9.11439e-05
0.0217068
0.00114532
0.0242033
0.000951194
0.000951194
0.000951194
0.000951194
0.00549268
0.0199329
0.000976044
0.00343421
0.000951194
0.000951194
0.0188497
0.000951194
0.000951194
0.000951194
2.95047e-05
0.021976
0.000951194
0.000951194
0.000951194
0.000951194
0.000951194
0.022962
0.00601259
0.000535543
2.38214e-05
0.000204932
0.000951194
0.000951194
0.000951194
0.030236
0.0215866
0.0194036
0.000169522
0.00197253
0.0293106
0.000951194
0.000951194
0.000951194
0.00133543
8.66001e-05
0.000313811
0.000324694
0.0314468
0.000951194
0.000951194
0.000951193
0.000951194
0.0247998
0.000951194
0.0174113
0.00248321
0.00895451
0.000951193
0.0323704
0.000951194
0.000951194
0.000788
0.000109685
0.0324299
0.0337057
0.000519422
0.000356164
0.00913402
0.0226933
0.0253075
0.000951194
0.00161829
0.00211553
0.000102789
0.000170134
0.000951194
0.000951194
0.000104263
0.00815276
0.0126406
0.0844314
0.0213939
0.000951194
0.000151395
0.0219472
0.0690349
0.000113194
7.34939e-05
5.47237e-05
0.0206514
3.22165e-05
2.47026e-05
0.0228037
0.0174341
0.0281819
0.0148648
0.0227944
6.39554e-05
0.0192558
0.0463182
0.000951194
0.0228418
0.00600224
0.000146411
0.000731346
0.000227648
0.00383362
8.67302e-05
0.000478261
0.0211754
0.010457
0.0193933
0.0169699
0.0175588
0.000951194
0.000951194
0.00432662
0.00217755
0.00253066
0.000358641
