0.000396683
0.00864296
0.000730543
0.000670098
0.00349582
0.000896374
0.000388887
0.00430635
0.00748817
0.00374275
0.00112602
0.00163928
0.00161648
0.00839957
0.00640365
0.00393828
0.00262367
0.00809898
0.000498539
0.00279158
0.00348577
0.00102459
0.00187029
0.00148115
0.00668679
0.00334479
0.00484427
0.00192155
0.00102799
0.00575154
0.00424909
0.00138256
0.00892902
0.00318085
0.000795931
0.00326347
0.00524884
0.00271747
0.00840585
0.00143035
0.00192234
0.00652942
0.00334207
0.000497785
0.00228588
0.00435052
0.00220649
0.00454229
0.00845801
0.00379448
0.00515071
0.00169502
0.00106509
0.00321376
0.0017431
0.0082553
0.00038813
0.0149075
0.00431221
0.00236948
0.00106563
0.00315931
0.00411433
0.00243621
0.0114485
0.00797474
0.00407778
0.00132864
0.0018658
0.00297935
0.00193865
0.00311075
0.00211564
0.0052387
0.00553635
0.00145443
0.00225262
0.00460807
0.000924887
0.00105406
0.00175688
0.00286436
0.000499518
0.00525197
0.00219006
0.00288459
0.00234511
0.00229638
0.00220025
0.00946592
0.00161245
0.00208593
0.00279166
0.00175942
0.00823854
0.000806775
0.000608553
0.00160707
0.00967047
0.00115294
0.00339203
0.00398624
0.0068061
0.00961257
0.00634075
0.0052053
0.00123599
0.00374152
0.00134248
0.00811793
0.00320597
0.00306195
0.000972714
0.00253034
0.00068356
0.00336976
0.0056917
0.00123818
0.00201652
0.00165154
0.00555552
0.00925655
0.0034901
0.00115989
0.00086894
0.00307611
0.00270986
0.00135102
0.00332615
0.00156532
0.000556141
0.00873468
0.0132673
0.00485462
0.00172062
0.00603739
0.00128746
0.00197866
0.00180615
0.00401955
0.00479574
0.00187446
0.00322737
0.000698696
0.00170355
0.00212063
0.00134847
0.000509542
0.00349557
0.00164337
0.00500854
0.00536178
0.000951419
0.00704383
0.00588698
0.00387633
0.00209598
0.00234442
0.00284568
0.0113926
0.00629602
0.00949557
0.000944244
0.0112194
0.0150249
0.00340239
0.00435846
0.0021145
0.0074992
0.00322539
0.00240204
0.00668875
0.00449946
0.00454988
0.00523425
0.00339121
0.000494623
0.00241994
0.00366758
0.0011859
0.0083576
0.00827482
0.00553958
0.00351496
0.00630352
0.00162461
0.00518179
0.00377328
0.0125999
0.00367548
0.00207667
0.00128135
0.0027492
0.00173499
0.00289347
0.00449791
0.00495876
0.00949915
0.00498627
0.00581153
0.000947944
0.136396
0.00192076
0.00576178
0.00142761
0.00247505
0.000775282
0.000548516
0.000900839
0.00802095
0.000965273
0.00774571
0.00241381
0.00284597
0.00375003
0.00358156
0.00773773
0.0101488
0.00281098
0.00796412
0.000797675
0.000371663
0.000280362
0.0104688
0.00787364
0.00306825
0.00322342
0.00557562
0.000967394
0.00138548
0.00186825
0.00189348
0.0052146
0.00413686
0.00575576
0.0107885
0.00249467
0.00236112
0.00106484
0.00101409
0.00180198
0.00206594
0.00147757
0.00345654
0.00102666
0.00201806
0.00161075
0.00570472
0.00353668
0.00200927
0.00161658
0.00308832
0.00579596
0.00565135
0.00180195
0.00157292
0.00118729
0.00691469
0.00226866
0.00298294
0.00171773
0.00140431
0.00276107
0.00146162
0.00359149
0.00618633
0.00308103
0.00303757
0.00417199
0.00868598
0.00150169
0.00308421
0.00432425
0.000550617
0.00566369
0.00641968
0.00096707
0.00172124
0.00124077
0.0101072
0.00378422
0.000665067
0.00285365
0.00527048
0.00490944
0.00363533
0.00794636
0.000891759
0.00599199
0.00108575
0.00442867
0.00494978
0.00169097
0.00204648
0.0132114
0.00309709
0.00557336
0.000577588
0.00214821
0.00486924
0.00599266
0.00346307
0.00154388
0.00103292
0.00171206
0.000891419
0.000838368
0.00706958
0.00191171
0.00677032
0.00280241
0.00614048
0.000952546
0.00366385
0.00103254
0.00531246
0.0025602
0.00577024
0.00111573
0.000947906
0.00566478
0.00768549
0.00199345
0.000732823
0.00255053
0.00452787
0.00142503
0.0058286
0.000870542
0.00105281
0.00442191
0.00437959
0.00490428
0.000433137
0.00127977
0.00248476
0.00023923
0.00258231
0.00607983
0.00391846
0.00191916
0.00302998
0.00115044
0.00804816
0.00145995
0.00599912
0.000726901
0.00153313
0.00621229
0.00534706
0.00660914
0.00228026
0.00282192
0.0102325
0.00775801
0.000878249
0.000515442
0.00208667
0.00174962
0.00133794
0.00840906
0.00369621
0.00188048
0.00618236
0.00162516
0.00196741
0.00298636
0.00365402
0.0045077
0.00710211
0.000838664
0.00489666
0.00112786
0.00177612
0.000784741
0.000518812
0.00670459
0.00184885
0.00693578
0.00153492
0.00640554
0.00276787
0.00130236
0.0050961
0.00137025
0.00356807
0.0139648
0.00124015
0.000894379
0.00551238
0.00632047
0.000883453
0.000857579
0.00385055
0.00112786
0.00514308
0.00554933
0.0018
0.0030709
0.00330207
0.00103319
0.00585803
0.00304474
0.00511346
0.00114413
0.000645902
0.00202745
0.00433723
0.00536368
0.00521704
0.0131052
0.00666528
0.00609947
0.00079944
0.00189705
0.00202595
0.000424091
0.00429999
0.000677408
0.00368745
0.00120407
0.00570181
0.00252933
0.0040095
0.0116474
0.0104266
0.000778729
0.00089763
0.00152791
0.00215319
0.00740882
0.00147094
0.00631638
0.00660847
0.00246948
0.00393512
0.00655458
0.0055954
0.00194782
0.00502168
0.00120856
0.00685242
0.00790356
0.00628265
0.00443771
0.00305072
0.00140278
0.00209906
0.00383294
0.00125164
0.00662793
0.0032225
0.00610619
0.000716178
0.00344592
0.00535583
0.00698376
0.000867423
0.0033757
0.00169373
0.0019499
0.0021299
0.000847191
0.00100994
0.00355636
0.00393178
0.0117865
0.00185217
0.00573119
0.00632752
0.00838567
0.00837049
0.0100375
0.0095895
0.00679333
0.00986082
0.00898191
0.000573122
0.00588599
0.00104735
0.00898321
0.00133387
0.000936565
0.00374403
0.00262244
0.00370036
0.00220068
0.00373256
0.00137261
0.00156951
0.00225279
0.00240447
0.00171124
0.00498634
0.00185402
0.00350273
0.00140459
0.003941
0.00147008
0.00316869
0.0076482
0.00316363
0.00618833
0.00214438
0.00668576
0.00131648
0.00227261
0.00342068
0.0024607
0.00457943
0.00137611
0.00585943
0.00043408
0.0099772
0.00756825
0.00951746
0.00263392
0.00369799
0.00964752
0.00151232
0.00530616
0.0029899
0.00573698
0.00296604
0.00639379
0.00070441
0.0100016
0.00250894
0.00375357
0.00470922
0.00594688
0.00303498
0.00171095
0.00727979
0.00358788
0.00512008
0.0016362
0.00305814
0.00341587
0.00110227
0.00448252
0.00215186
0.000987356
0.00381681
0.00236743
0.00814386
0.00155201
0.00372168
0.0110957
0.00395428
0.01505
0.00459595
0.00622751
0.00750035
0.00382691
0.00128801
0.375068
0.00569065
0.00334992
0.0474496
0.00579308
0.00950502
0.00364997
0.00441037
0.000967139
0.00367123
0.000903067
0.00713289
0.0046645
0.00435435
0.00631273
0.00543927
0.00171166
0.00250654
0.00471872
0.00350865
0.00846165
0.00201761
0.00155168
0.00285645
0.00169901
0.00368426
0.00352529
0.00444312
0.00671852
0.00176384
0.0025735
0.0011602
0.00189368
0.000566922
0.0101407
0.00666105
0.00196086
0.00192256
0.00483355
0.000995725
0.00193281
0.00258727
0.00646446
0.00198562
0.00243531
0.00321374
0.00201665
0.00230803
0.0032786
0.00327946
0.000787861
0.000396291
0.000493502
0.00164587
0.00111502
0.00471904
0.000628279
0.000978732
0.00577202
0.00458722
0.00237578
0.00461773
0.00107704
0.00875137
0.00212121
0.00611014
0.00209817
0.00126618
0.000708166
0.00305251
0.00308341
0.00243156
0.00372576
0.00612486
0.00344662
0.00367119
0.00753719
0.00439161
0.00103688
0.000734269
0.0104431
0.00668281
0.000795412
0.000319822
0.00792458
0.00612112
0.00613717
0.00100215
0.00136383
0.0012319
0.00492345
0.00455022
0.00605778
0.00125457
0.000824292
0.0035038
0.00648933
0.00225841
0.0057773
0.00401837
0.0016448
0.000684739
0.00200047
0.00644124
0.00193017
0.00140867
0.00574683
0.0010788
0.00128847
0.000929359
0.00501973
0.00609394
0.00134151
0.00266928
0.00341553
0.000879473
0.0053822
0.000609094
0.000862905
0.003276
0.000839194
0.0121619
0.00223068
0.00529026
0.00255667
0.00595559
0.00489085
0.00171563
0.00142542
0.00331402
0.00168961
0.00576128
0.00606289
0.0039183
0.0010214
0.00431031
0.00216308
0.0028724
0.00295255
0.00611808
0.000712619
0.00189372
0.00365684
0.00226572
0.00157171
0.00379664
0.002737
0.00728373
0.00147385
0.0113596
0.00169269
0.00801057
0.00503182
0.000331911
0.00742232
0.00379035
0.00773655
0.00382958
0.00288228
0.00332572
0.00440935
0.00045679
0.00145661
0.00187688
0.00627608
0.00119937
0.00584096
0.0024974
0.00100962
0.00307563
0.00668749
0.00143184
0.00263337
0.00166002
0.014488
0.00834314
0.00310367
0.00851475
0.00238335
0.00475563
0.00917393
0.00284974
0.000501597
0.00368684
0.00152172
0.00239662
0.00318491
0.00287395
0.000928968
0.00345819
0.00592272
0.00288208
0.00598614
0.000475635
0.0010001
0.00553327
0.000608368
0.000714225
0.0019609
0.000473009
0.00229171
0.00578854
0.00236509
0.00085028
0.00132773
0.00557338
0.00672874
0.00144983
0.00852857
0.00501674
0.00342684
0.00399548
0.00472765
0.00642829
0.00386197
0.00140216
0.00190848
0.00329324
0.00408472
0.00118271
0.00275189
0.00315659
0.00104774
0.00610127
0.000933171
0.00152312
0.00673045
0.000582086
0.00703476
0.00632918
0.00362538
0.00487535
0.00109416
0.00571897
0.00169942
0.00434037
0.000854739
0.00285005
0.00382477
0.00322255
0.00219585
0.00507159
0.00336341
0.00197491
0.00195475
0.00162142
0.00174311
0.00542706
0.000774522
0.00700584
0.00404461
0.00921809
0.00202865
0.00219545
0.00462116
0.00587359
0.00453702
0.000823541
0.000687979
0.121159
0.0377359
0.00647594
0.00694135
0.00810693
0.0020504
0.00391877
0.00101802
0.00202711
0.00404891
0.00318203
0.00460998
0.00139952
0.00561865
0.00343305
0.007378
0.00243783
0.00122459
0.00185976
0.00243153
0.00543854
0.000609843
0.00303592
0.00651496
0.00471524
0.00338208
0.00317639
0.000394278
0.000701829
0.00266748
0.000811376
0.00123723
0.00242194
0.00701951
0.000551509
0.00123511
0.00100398
0.00226369
0.00593269
0.00977732
0.00929434
0.00485597
0.00087755
0.00670426
0.00598094
0.00355618
0.00718983
0.000970092
0.00242298
0.00653818
0.00348652
0.00656479
0.00148927
0.000840916
0.00629286
0.00168186
0.004627
0.00117745
0.0130654
0.00234662
0.000534286
0.00129186
0.00131543
0.00299719
0.00826749
0.00347744
0.00593218
0.00202683
0.00081424
0.00450633
0.0065267
0.0032852
0.00447439
0.00119988
0.0008813
0.00115783
0.00641958
0.00431068
0.00276979
0.00149846
0.0028105
0.00177732
0.000965765
0.00725698
0.00989203
0.00909551
0.00100763
0.0061642
0.0104975
0.0389108
0.00313243
0.00162509
0.00304906
0.005068
0.00870825
0.000433045
0.00378673
0.00201258
0.00225318
0.00803101
0.0012416
0.00127041
0.00177102
0.375454
0.001136
0.00633833
0.00148104
0.229429
0.00825198
0.00133899
0.00220694
0.00398684
0.00169451
0.00396096
0.00103171
0.000793209
0.00355465
0.00305327
0.00598483
0.00155743
0.00261015
0.00556708
0.00713063
0.00934709
0.00941365
0.00792438
0.00596493
0.00718068
0.0040313
0.00512604
0.00109087
0.00455445
0.00335318
0.00493367
0.0084705
0.00282516
0.00106478
0.00504058
0.00352084
0.00358797
0.0044275
0.0914923
0.00394561
0.00196212
0.000807401
0.00245117
0.00846359
0.00775604
0.00260701
0.00152734
0.00081915
0.000780781
0.00339726
0.00370991
0.13977
0.000809033
0.0023419
0.00254696
0.00120957
0.00853405
0.00630401
0.00104456
0.00161004
0.00295918
0.00291311
0.000720255
0.00145761
0.00375908
0.00296522
0.00175843
0.000444412
0.0032854
0.00107876
0.00329797
0.00137141
0.00160683
0.00718455
0.00421623
0.00210706
0.00168011
0.00117902
0.000922096
0.00236679
0.00208144
0.00327633
0.00216807
0.000687619
0.00437354
0.000820527
0.00295451
0.000800166
0.00779468
0.00104097
0.00549694
0.00589584
0.00145997
0.00765578
0.000896927
0.00676621
0.00716899
0.000823976
0.00248264
0.00618983
0.00421131
0.00118801
0.000840933
0.00315888
0.00961763
0.00441178
0.00498241
0.00143249
0.00099381
0.0115284
0.00220243
0.00647399
0.0028904
0.00319399
0.00162138
0.000662946
0.000900278
0.00562722
0.000915021
0.00467525
0.00348044
0.00376197
0.000281551
0.00242523
0.000731831
0.00478775
0.00467451
0.00328428
0.00375166
0.00138309
0.00198689
0.00100794
0.00295944
0.00134864
0.00546046
0.00275575
0.00221782
0.00217608
0.00239982
0.0030952
0.00135941
0.00299481
0.00898529
0.0029254
0.00361998
0.00142576
0.00682278
0.0045476
0.00452105
0.00141899
0.0102384
0.0101424
0.000891639
0.000811427
0.00324478
0.00521171
0.00325664
0.00272569
0.00220371
0.00315598
0.00359195
0.00370032
0.000856065
0.00241521
0.00239856
0.00183502
0.00491839
0.001265
0.0025977
0.00456053
0.00112857
0.00183581
0.00162729
0.00278701
