0.00733753
0.0329399
0.00448797
0.0174251
0.0055522
0.0100266
0.00535613
0.00628528
0.00541013
0.00285071
0.00546857
0.00825999
0.00761506
0.00591167
0.00368611
0.0087161
0.0138447
0.0036696
0.00584904
0.00512633
0.0131301
0.00826772
0.0094346
0.00529974
0.00823934
0.0104464
0.0166301
0.00624076
0.00478244
0.00735206
0.00244511
0.0248146
0.009556
0.00514924
0.00666501
0.00634059
0.00663439
0.00416403
0.00555018
0.00812923
0.00592527
0.00331787
0.00626147
0.0110908
0.00530789
0.0103829
0.0146347
0.022075
0.00484516
0.00767203
0.00924921
0.00469963
0.00621088
0.00553579
0.00578682
0.0069633
0.0126268
0.00824037
0.00793651
0.00759111
0.0272706
0.0327905
0.0167099
0.00718027
0.00711938
0.00906856
0.00479937
0.0363251
0.0100328
0.00650228
0.00611385
0.00465415
0.00849811
0.00469838
0.0218655
0.0218702
0.00837898
0.00442794
0.00834137
0.0133352
0.00713799
0.00602997
0.00665916
0.0101041
0.00935606
0.00924223
0.00928772
0.00681743
0.00827746
0.00722423
0.00680741
0.00453023
0.0131468
0.00531708
0.00535
0.0090245
0.015425
0.011637
0.00951605
0.0116594
0.00468409
0.00434244
0.00616624
0.0042523
0.0444318
0.0283643
0.00436319
0.00499227
0.0148589
0.0121146
0.0066707
0.0122026
0.0118209
0.00941393
0.00591643
0.00906767
0.0169705
0.014788
0.00800435
0.00410135
0.00379876
0.00776814
0.0329293
0.0362248
0.004167
0.0116897
0.0116932
0.00429614
0.0118117
0.0245997
0.00586146
0.00605723
0.00631542
0.00396572
0.00423131
0.00668844
0.0134732
0.0101101
0.00973341
0.00609315
0.00456445
0.0120989
0.00498748
0.00606059
0.00819865
0.0159861
0.0100493
0.0107101
0.00680222
0.00908945
0.00814556
0.00403242
0.00593096
0.00727272
0.004783
0.00519418
0.00892813
0.00519342
0.0106544
0.0223014
0.00876196
0.0125555
0.00480766
0.00943733
0.00629954
0.00778147
0.00770059
0.00885246
0.00536203
0.00902184
0.0126
0.00641349
0.00620347
0.00909864
0.0128034
0.0248102
0.00924082
0.00495425
0.00894063
0.0214962
0.00466349
0.00511367
0.00457743
0.0152398
0.0357847
0.0340875
0.00341091
0.00963813
0.00986345
0.014241
0.00780428
0.00718538
0.00357852
0.00860708
0.00645474
0.00851695
0.00468895
0.0271349
0.0159192
0.0106854
0.0107573
0.006249
0.00658813
0.00543907
0.011482
0.00926471
0.0120238
0.0110402
0.0131163
0.00539583
0.0100573
0.00621002
0.00954218
0.0081368
0.00463328
0.00688592
0.00870556
0.00515743
0.00757465
0.00623931
0.00548645
0.00848894
0.010558
0.0172005
0.00855667
0.00864002
0.0136307
0.0181584
0.0109013
0.00832698
0.0322438
0.0175364
0.00608343
0.00661983
0.00952048
0.00537508
0.00573156
0.00504878
0.00706223
0.0107224
0.0138757
0.00616173
0.00832305
0.0122203
0.00959915
0.00669008
0.0323076
0.0288109
0.00973621
0.00830578
0.0161332
0.010433
0.013139
0.00814691
0.00393281
0.0119996
0.0109531
0.0196087
0.00928857
0.0082141
0.0043249
0.01026
0.00402186
0.00488552
0.00957502
0.00952278
0.0251139
0.00581472
0.0221611
0.036576
0.0281925
0.0442754
0.0288674
0.0535754
0.00537453
0.0318574
0.00828235
0.0084405
0.00420584
0.00415899
0.0107619
0.00720898
0.00761107
0.0106873
0.00631203
0.0104187
0.00530827
0.00533587
0.00414676
0.0271528
0.00570409
0.00733983
0.00826328
0.00603125
0.00429504
0.00635503
0.00545934
0.00835944
0.0251356
0.00522222
0.0381417
0.0538079
0.0519156
0.0532702
0.0272647
0.0423916
0.00567529
0.0070501
0.0365061
0.038662
0.00986195
0.0125666
0.00959363
0.00696926
0.00869934
0.0135134
0.0113393
0.0122832
0.00762785
0.010697
0.0289926
0.00796184
0.030338
0.0051315
0.0113296
0.00864283
0.00985164
0.0113752
0.00426729
0.00853785
0.0354897
0.0102989
0.0429235
0.0397121
0.0438681
0.0271082
0.041698
0.00554416
0.00719661
0.0142058
0.00878663
0.0110084
0.00823535
0.0153459
0.009114
0.00635175
0.0136351
0.00811815
0.0101268
0.00520872
0.0118462
0.00956696
0.0081666
0.00469911
0.00982282
0.00791486
0.00651224
0.00871357
0.00606999
0.00509532
0.00701089
0.00740882
0.0537373
0.0443137
0.0543926
0.0424699
0.0427404
0.0365274
0.00770423
0.0068106
0.0448093
0.0452444
0.00735555
0.075106
0.0132988
0.0746984
0.0206585
0.0791914
0.00593409
0.0864722
0.00613876
0.0797868
0.00586072
0.0767125
0.00599684
0.0794342
0.00893605
0.0791403
0.0140887
0.0757966
0.0119662
0.078806
0.00682364
0.0744181
0.00809866
0.0738152
0.00243438
0.0766788
0.00332427
0.0742754
0.00499904
0.073182
0.00912175
0.010442
0.00364168
0.00692443
0.0142011
0.00785278
0.0108372
0.0404797
0.00620843
0.015474
0.00420556
0.00921129
0.00897337
0.0108873
0.00900473
0.0107773
0.00934067
0.0134193
0.0122762
0.0119305
0.0123157
0.013621
0.00754153
0.0102417
0.00953688
0.0126755
0.00671221
0.00911267
0.00568101
0.00870851
0.0349196
0.0465699
