0.000847254
0.00174369
0.00244539
0.00142444
0.00319433
0.00105967
0.000364477
0.000901907
0.00243795
0.000617212
0.00241826
0.00109153
0.00482803
0.00112427
0.00170235
0.00115629
0.00105199
0.00203333
0.000689215
0.000796027
0.00644687
0.0030504
0.00104361
0.000703752
0.00811583
0.000921211
0.000806167
0.00189492
0.00272118
0.00210411
0.00174133
0.00233273
0.00219984
0.000650502
0.000781682
0.000999493
0.00198019
0.00359716
0.00169101
0.00350228
0.000866301
0.00296421
0.0037895
0.0075573
0.00250529
0.00402918
0.00134258
0.000286255
0.00117623
0.000614416
0.00236372
0.000846458
0.000799953
0.00280353
0.00618033
0.00215771
0.000800922
0.00227275
0.00346284
0.00330599
0.00211976
0.0011861
0.00240917
0.0016503
0.00255012
0.000948207
0.00460975
0.00225611
0.000436623
0.00161186
0.00126392
0.00495985
0.00202816
0.00172745
0.00285307
0.00168028
0.00127892
0.00363778
0.00261109
0.000832529
0.00157332
0.00332548
0.00199295
0.00282333
0.000946231
0.00111153
0.00295392
0.00149172
0.00172652
0.00169943
0.00131364
0.00344494
0.00150202
0.00272883
0.00206437
0.00225208
0.000772722
0.000917104
0.00660975
0.00252569
0.00149581
0.00259881
0.00339858
0.00147426
0.00227506
0.000655174
0.000851033
0.00346035
0.00341392
0.0012514
0.00147876
0.00102242
0.00236747
0.00126872
0.00126531
0.000688395
0.000567112
0.00198494
0.00301102
0.00554368
0.000866227
0.00267079
0.00104032
0.00122494
0.0016165
0.00153382
0.00340062
0.00232589
0.00190696
0.00188037
0.00173167
0.000913792
0.00432806
0.000590132
0.000382122
0.000389823
0.00100316
0.00134044
0.00261596
0.00375763
0.00415978
0.000958404
0.001709
0.00107278
0.00417346
0.00239634
0.00167366
0.000715774
0.00140576
0.00259489
0.00303805
0.0012662
0.0015531
0.000809415
0.00331492
0.00242852
0.0031376
0.000817686
0.0038104
0.00233614
0.00394576
0.00326055
0.00110995
0.00139149
0.00116291
0.00179411
0.00191259
0.0022979
0.000693457
0.00176619
0.00107145
0.00271502
0.00171457
0.00466046
0.000961513
0.00342941
0.00199487
0.00122273
0.00228372
0.00173469
0.00316483
0.00388928
0.00219884
0.000662865
0.00156836
0.00275914
0.000853648
0.000644114
0.00234894
0.00371697
0.00221027
0.000940595
0.00328983
0.0018676
0.00283697
0.00309346
0.00199359
0.00172759
0.00391375
0.00393456
0.00253834
0.00244839
0.00118808
0.000881863
0.00663177
0.00219047
0.00130012
0.00149445
0.000523518
0.00047718
0.00286128
0.00198361
0.00159999
0.00130888
0.00150507
0.00143558
0.00277305
0.0031715
0.000871104
0.00108368
0.00279187
0.00354771
0.0016535
0.00368592
0.00107488
0.0020684
0.00241013
0.00300468
0.00381526
0.00574359
0.00377434
0.00162992
0.0020528
0.00206952
0.0016136
0.0015321
0.00126326
0.00154673
0.000832094
0.001833
0.00384529
0.00275887
0.00119261
0.00160169
0.00112343
0.00188038
0.00156529
0.00555913
0.00505873
0.000777683
0.00375767
0.00227749
0.00373315
0.00241165
0.00201295
0.00150228
0.00108823
0.00151563
0.00158448
0.00113363
0.00599827
0.0020754
0.00368174
0.00350692
0.00177424
0.00145043
0.00171818
0.00361415
0.00198467
0.00267035
0.00182621
0.00155396
0.00144423
0.000974213
0.000908678
0.00124683
0.00210735
0.00228752
0.00230499
0.00199601
0.00193426
0.000973722
0.00124644
0.0029479
0.00257685
0.00222573
0.00133921
0.00290965
0.00231869
0.00130755
0.000901784
0.00317472
0.00202111
0.00185329
0.00117369
0.000996682
0.0010612
0.000809052
0.00138671
0.00199466
0.00104792
0.000666353
0.00158901
0.00214642
0.000409069
0.00142065
0.00360346
0.00107483
0.00244444
0.00203222
0.00274831
0.00402134
0.00154333
0.00224866
0.00372458
0.00215929
0.00201267
0.0035292
0.000368816
0.00273882
0.00244748
0.00421611
0.00269302
0.00125007
0.00110917
0.00394183
0.00346378
0.00416815
0.000968221
0.00248408
0.00116262
0.00265456
0.00262512
0.00208438
0.00114955
0.000960801
0.00401813
0.00345573
0.0041331
0.00316496
0.00493147
0.00181849
0.00335458
0.00202592
0.00137075
0.00265325
0.000342354
0.000668326
0.00482206
0.000432956
0.00339343
0.00729583
0.00243759
0.0125975
0.00220136
0.00101509
0.00376402
0.000926516
0.00100386
0.00166845
0.00137934
0.00770396
0.0034071
0.00115616
0.0012353
0.00310782
0.00119148
0.00208616
0.00159595
0.00534857
0.00194311
0.00238504
0.00129428
0.00112189
0.00726655
0.001375
0.0061676
0.00133736
0.00288829
0.00131942
0.000853847
0.00107221
0.00178771
0.00140678
0.00217481
0.00108543
0.00104934
0.00252455
0.000877952
0.00155449
0.0017575
0.000896974
0.000770227
0.0026104
0.00117881
0.00180427
0.00271111
0.00104787
0.00229861
0.00275497
0.00314872
0.00214229
0.00152379
0.00123906
0.00113235
0.00126414
0.00119308
0.00242876
0.00139042
0.00276717
0.000580852
0.000671519
0.00046949
0.0013877
0.00204565
0.00202712
0.00158462
0.00136499
0.00119741
0.00302039
0.00142066
0.000988987
0.00192993
0.00271651
0.00124781
0.00244478
0.00147972
0.00148229
0.00176906
0.000791973
0.00219091
0.00340557
0.00232543
0.00134973
0.00146376
0.00226278
0.00142889
0.000797383
0.0132042
0.00543815
0.00164077
0.00189702
0.000749087
0.00088205
0.00280125
0.00254073
0.000849353
0.00102938
0.00178005
0.00314221
0.002313
0.0016316
0.00222532
0.00261589
0.00142488
0.00245209
0.00240689
0.00407583
0.00223151
0.00584255
0.00121426
0.00102532
0.000890946
0.00181739
0.00158056
0.00344919
0.00101282
0.0017688
0.00168218
0.0015893
0.00149754
0.00166898
0.00128046
0.00137185
0.00342625
0.00144029
0.00308825
0.0029961
0.00334756
0.00199961
0.000901026
0.00549933
0.00184901
0.0030522
0.00274716
0.00134665
0.00177618
0.00267934
0.00125852
0.00158225
0.00403658
0.00170301
0.00262653
0.00288579
0.00147923
0.0617662
0.00082324
0.00123813
0.00107146
0.00146167
0.00122048
0.00450996
0.0016927
0.00127444
0.00159925
0.000886266
0.000898006
0.00275276
0.00204462
0.00224749
0.00238838
0.00171612
0.000656817
0.00315379
0.00119479
0.00417509
0.000961102
0.00105004
0.0016587
0.00402274
0.00095435
0.00298005
0.0020729
0.000828301
0.000597777
0.000805868
0.00384696
0.000514414
0.00186943
0.00145689
0.00125679
0.00196454
0.0023262
0.00326758
0.00171159
0.00184757
0.00104934
0.00627198
0.00116471
0.00161165
0.00250385
0.00148237
0.00246977
0.00323374
0.00123144
0.000701307
0.00170582
0.000675173
0.00150047
0.00142192
0.00309249
0.00231961
0.00129477
0.00457879
0.00171352
0.00177112
0.000852956
0.00190662
0.00354119
0.00120421
0.00234247
0.0023691
0.00256572
0.00147905
0.000643359
0.000430741
0.000875289
0.00257048
0.000640747
0.00196606
0.00165372
0.00107053
0.00311028
0.00410914
0.00182592
0.0013694
0.00349218
0.00231379
0.0017953
0.00222004
0.00199674
0.00437986
0.00984734
0.0028994
0.00103796
0.0023054
0.00185906
0.00156283
0.00133681
0.00107533
0.00167861
0.00144069
0.00575934
0.00234744
0.00219851
0.00136227
0.00439649
0.00184696
0.00326239
0.00326298
0.000993173
0.00102124
0.00190993
0.000328821
0.00200997
0.000933222
0.00100034
0.000860498
0.000659152
0.00345682
0.000555493
0.000701132
0.0029431
0.000430701
0.00243854
0.00388365
0.00155117
0.00170661
0.00218889
0.00269614
0.000930707
0.00380636
0.00240674
0.0032313
0.000827641
0.00107844
0.00498295
0.00226984
0.00138067
0.00324112
0.000726785
0.000862057
0.00366921
0.00208724
0.000845706
0.00244616
0.00595984
0.00247184
0.00194266
0.000813343
0.000866895
0.00069262
0.00362079
0.000605042
0.00216807
0.00113959
0.00240991
0.00561261
0.00143861
0.00134174
0.00243416
0.000945144
0.0011798
0.00117756
0.00224256
0.00269324
0.00141423
0.000713982
0.00818271
0.00144487
0.00316291
0.000876193
0.00211437
0.00156641
0.0016458
0.000985624
0.00278118
0.00105534
0.00124834
0.00109533
0.00287309
0.00165043
0.00297914
0.00192917
0.00235986
0.0014142
0.00166222
0.00143665
0.00364099
0.00112827
0.00280526
0.00347876
0.00187731
0.00148688
0.00260883
0.000777885
0.000847926
0.000527009
0.00319379
0.0014721
0.00212688
0.0033803
0.00219082
0.0017393
0.00160493
0.00140381
0.000818224
0.00178318
0.00215732
0.000520614
0.0015653
0.00104212
0.00363948
0.0010804
0.00187992
0.00169064
0.00179065
0.00297264
0.0029761
0.0204293
0.0015724
0.00130929
0.00141707
0.00146879
0.00413583
0.00333979
0.00192602
0.0018933
0.00340085
0.00224304
0.000621508
0.00210872
0.00308716
0.00113084
0.000765335
0.00434238
0.0011105
0.00357293
0.00174969
0.000583018
0.00416734
0.00309335
0.00155085
0.00423075
0.00264688
0.00582336
0.00224757
0.00332817
0.00283083
0.00361448
0.00224292
0.00244252
0.00196007
0.00132081
0.000792094
0.00140804
0.00151295
0.00170102
0.00355401
0.00193333
0.00105778
0.00229851
0.0020601
0.00343283
0.00100634
0.00136524
0.000957797
0.00151522
0.00202755
0.00625673
0.00166102
0.00191173
0.00162859
0.00220868
0.00294567
0.00236066
0.00108706
0.00252031
0.00363866
0.000725476
0.00249861
0.00165228
0.00221344
0.00141603
0.00115686
0.00163942
0.00404827
0.000883497
0.000777979
0.00254456
0.000947714
0.00156517
0.0014737
0.00082981
0.00246019
0.000653512
0.00103231
0.00112658
0.00172585
0.00119523
0.00310981
0.00207471
0.00309354
0.00264578
0.00117209
0.00235185
0.000589622
0.00445369
0.00118629
0.00326118
0.00282865
0.00172177
0.00112707
0.000801968
0.000954739
0.00229397
0.00246388
0.000916127
0.000934649
0.000852003
0.001723
0.00317476
0.00112098
0.00387068
0.00199155
0.00159521
0.00337097
0.00130324
0.00137541
0.000928459
0.0029092
0.0011077
0.00458335
0.00108269
0.00154965
0.00161708
0.0016667
0.00195716
0.00121599
0.000962009
0.00142106
0.00159943
0.00202462
0.000784231
0.00206957
0.00133236
0.00041971
0.0053946
0.000937244
0.00175541
0.00254566
0.00326122
0.00170451
0.000474036
0.00134437
0.00231081
0.00237687
0.00180638
0.00131069
0.00377703
0.00135144
0.00146216
0.00408668
0.00142932
0.00181489
0.00175897
0.00225683
0.00203539
0.00300047
0.00215555
0.00185839
0.00202866
0.00107862
0.00204913
0.00136549
0.00194134
0.00112303
0.00193033
0.00169926
0.00285528
0.0013647
0.00391136
0.00221798
0.00213204
0.00164325
0.00176512
0.00113859
0.00264094
0.000756346
0.0014804
0.00304647
0.00275625
0.000800382
0.00505581
0.00322593
0.00141575
0.00216543
0.000436805
0.00326779
0.000985944
0.000735219
0.000324564
0.0017362
0.00182217
0.00164969
0.00206506
0.00282146
0.00322333
0.00649902
0.00501044
0.00268105
6.5723e-05
0.000538934
0.00173584
0.00197639
0.000815592
0.00152698
0.00151703
0.000775159
0.00102735
0.00196155
0.00246193
0.0019033
0.000619696
0.00032168
0.00157777
0.00251654
0.00228335
0.00163858
0.00194079
0.000861032
0.000778602
0.00173142
0.00100858
0.000952541
0.00218936
0.000660434
0.00237635
0.00319635
0.00309239
0.00112647
0.00120583
0.00287695
0.00272205
0.00184505
0.00170696
0.00105777
0.00357316
0.000265907
0.00123575
0.00116592
0.00219113
0.00297337
0.00229734
0.000990683
0.00227198
0.000778678
0.0008686
0.0014312
0.00209173
0.00340171
0.00153085
0.00192166
0.000400318
0.00172373
0.00333086
0.00215564
0.00120264
0.00413703
0.00456759
0.00215925
0.00370927
0.00205499
0.000657339
0.000863912
0.00231281
0.000280042
0.0039121
0.000602336
0.00109877
0.00189954
0.00118933
0.00163723
0.00154857
0.00289717
0.000739416
0.00132537
0.00234319
0.00172742
0.0016536
0.00684729
0.00226313
0.00431611
0.00161209
0.00250457
0.00185454
0.00146192
0.00313053
0.00326875
0.00126084
0.00317606
0.00193393
0.00226408
0.0014589
0.00311226
0.00280558
0.0019005
0.000924156
0.00146828
0.000685578
0.00155084
0.00147009
0.0020154
0.00239398
0.00215812
0.00343788
0.00164352
0.00168827
0.00403846
0.00397485
0.000765395
0.00259027
0.00173859
0.00548039
0.00171554
0.00180371
0.00135599
0.00455172
0.00397872
0.0012479
0.00149455
0.000436723
0.00350229
0.00125649
0.00291381
0.00274768
0.00126218
0.00286454
0.00357267
0.00155726
0.00172248
0.00226908
0.00223013
0.000557477
0.00177729
0.00100175
0.00129564
0.00150828
0.00200265
0.00160143
0.00149888
0.00371525
0.00127443
0.000755562
0.00227677
0.00082031
0.00136881
0.000917977
0.00276133
0.000578169
0.000983699
0.00114957
0.00132642
0.00101811
0.00288077
0.0032559
0.00133735
0.00138261
0.000800416
0.00217129
0.000993676
0.000804491
0.00168099
0.00299748
0.00192717
0.0017357
0.00159198
0.0033414
0.00146522
0.00230296
0.00143909
0.00414696
0.00192356
0.00206627
0.00328201
0.00094616
0.00160342
0.00264519
0.00194368
0.00143299
0.00783309
0.00191032
0.00216732
0.00536078
0.00261961
0.00170792
0.00149212
0.000667841
0.00372656
0.00286195
0.000306779
0.000768672
0.00333316
0.00169069
0.00393948
0.0035008
0.00353322
0.00274809
0.00258137
0.00253253
0.00185436
0.00209582
0.00171556
0.00158056
0.000911895
0.00129813
0.00331617
0.00171506
0.00199821
0.00193048
0.00167138
0.00185484
0.000948001
0.0011634
0.0011158
0.00217659
0.00150044
0.00116324
0.00217084
0.00154052
0.00305266
0.00297079
0.00058552
0.00122524
0.00141489
0.000779722
0.00173656
0.00416504
0.00131239
0.000935755
0.0025215
0.00104993
0.001819
0.00109231
0.001243
0.00144545
0.00116859
0.00121515
0.00325261
0.00130688
0.000726594
0.00222493
0.000616967
0.0022794
0.00173925
0.00147982
0.00294269
0.00315002
0.00206513
0.00215511
0.00107324
0.00123996
0.00144233
0.00199509
0.00132739
0.00105319
0.0021106
0.00167837
0.000840719
0.00281777
0.00277523
0.00259213
0.0029317
0.00275014
0.00408469
0.000896273
0.00351389
0.00107723
0.000374211
0.00237721
0.00274208
0.00242077
0.000708038
0.0029202
0.00160725
0.00227965
0.0015619
0.00088574
0.00154978
0.000825883
0.00210358
0.00145648
0.00250047
0.00251243
0.000891294
0.00229185
0.00329284
0.00384599
0.00120884
0.0021011
0.00253126
0.0015722
0.00220706
0.00269484
0.00267201
0.00420873
0.00248716
0.000679217
0.000900581
0.00092742
0.00251761
0.00156519
0.00133799
0.00184559
0.00112969
0.00216032
0.000891682
0.00153137
0.00339084
0.00178672
0.00130453
0.00339492
0.00270468
0.00147327
0.00215727
0.00131969
0.00153864
0.00106569
0.000221626
0.0016791
0.00795698
0.00271414
0.00142821
0.00113236
0.000897939
0.00107863
0.00110959
0.00363904
0.00212252
0.000953937
0.00153065
0.0031569
0.0020139
0.00186442
0.00221962
0.00107728
0.00170663
0.000753299
0.00136914
0.00177731
0.00228004
0.000859975
0.000767771
0.0022211
0.000933012
0.00172565
0.0017977
0.0014001
0.0019334
0.0011019
0.00207353
0.0023819
0.00108486
0.000627269
0.000428866
0.00156245
0.00157631
0.00221143
0.00145816
0.00160002
0.00186052
0.00129192
0.0052594
0.00132973
0.000348674
0.00121493
0.000683808
0.00245303
0.00237086
0.00325707
0.00285226
0.00289882
0.0019096
0.00195168
0.00143219
0.00146585
0.00527748
0.00108292
0.00234645
0.00303824
0.00107955
0.000593112
0.00174606
0.00112887
0.00314531
0.00167162
0.00232125
0.00129848
0.00171842
0.00239995
0.000675839
0.00495639
0.00155956
0.00175476
0.00140201
0.00319719
0.00162711
0.00115114
0.00201743
0.00241627
0.00213344
0.00193344
0.0016383
0.00246646
0.000640216
0.00110007
0.0017775
0.00135019
0.00156636
0.00178792
0.000738872
0.00190136
0.00193499
0.0036342
0.00190164
0.00240451
0.00119277
0.00225716
0.00140642
0.0012596
0.00155752
0.00153547
0.00444159
0.00150934
0.00158635
0.00118238
0.00214067
0.00144935
0.00354056
0.000906648
0.000819751
0.00181795
0.00262349
0.00277632
0.000753201
0.00263121
0.00229145
0.00234555
0.00185121
0.000369423
0.00183614
0.00234741
0.00501662
0.00131789
0.0011791
0.0020953
0.00172642
0.0018726
0.00160916
0.00283375
0.0013688
0.00168885
0.000281684
0.000763901
0.00226935
0.00508268
0.000987654
0.00127762
0.00151448
0.00154594
0.00334832
0.00177725
0.00185662
0.00207104
0.00300744
0.00201371
0.000973911
0.00353254
0.00300721
0.00222381
0.00202107
0.00227615
0.00063646
0.000968246
0.00160063
0.000378663
0.00164718
0.0015702
0.00204031
0.00288813
0.00022829
0.00158963
0.00129312
0.00374084
0.00163062
0.000831049
0.00109678
0.001918
0.00374693
0.00242497
0.000449525
0.000622846
0.00144635
0.00285619
0.00260349
0.00140218
0.001304
0.00124735
0.00139758
0.0015118
0.00259137
0.00143452
0.00285458
0.0011523
0.00275111
0.00250949
0.00285656
0.00280492
0.00155699
0.00130702
0.00472866
0.00137503
0.00333729
0.00201548
0.00153651
0.00315908
0.00318082
0.00113922
0.00145803
0.00191466
0.00202935
0.00134391
0.000668969
0.000948599
0.00165079
0.00954307
0.00264589
0.0025932
0.00136289
0.00415568
0.000623523
0.00331164
0.00110627
0.00172819
0.000983384
0.00137028
0.00120812
0.00297099
0.000971952
0.00100845
0.00411083
0.00250603
0.00199706
0.000512453
0.00155527
0.00120221
0.0040105
0.0018114
0.00217116
0.003038
0.00180004
0.00146111
0.00175573
0.00549895
0.00384349
0.00367304
0.00230277
0.00160956
0.00372616
0.0018191
0.00383632
0.00263465
0.00247872
0.00273223
0.00226761
0.000721211
0.00275472
0.0034705
0.0015784
0.00364018
0.00157257
0.00144296
0.00192243
0.00240201
0.00396405
0.00211268
0.000744645
0.00161895
0.00173635
0.0031041
0.00323529
0.00385851
0.000829175
0.000934738
0.00208215
0.00276724
0.000571318
0.0015661
0.00174877
0.00268853
0.000989053
0.00179656
0.001752
0.00363406
0.00253411
0.00147736
0.0105837
0.00144782
0.00185281
0.00318837
0.0032432
0.00310692
0.00402789
0.00171026
0.00292151
0.00267013
0.00151149
0.00160946
0.00139567
0.00244357
0.00151544
0.00157984
0.00225211
0.00133331
0.00231969
0.00196877
0.000775344
0.00369773
0.00350767
0.000676576
0.00143559
0.00132871
0.000796248
0.00133548
0.000638476
0.00143179
0.00120049
0.0030107
0.00248796
0.0033024
0.00129864
0.00105798
0.00126278
0.00185795
0.0034422
0.00326687
0.000603803
0.00304996
0.00265039
0.00144045
0.0019674
0.000753336
