0.00213979
0.00133587
0.00524109
0.00243665
0.000172559
0.000281341
0.00158995
0.00074637
0.000517112
0.000285209
0.000905143
0.00160866
0.000315489
5.82824e-05
0.000257672
0.000505453
0.00072188
0.00109496
0.000259044
0.000499223
5.54023e-05
0.000599525
0.000212442
0.000503297
0.000728033
0.00041586
0.000710073
0.000923792
0.00295156
0.00085784
0.000996737
0.00119816
0.00197836
0.000770938
0.00091246
0.000985411
0.000599636
0.000430919
0.00258488
0.000732929
0.000258621
0.00259867
0.000325353
0.000184401
0.0016085
0.000806967
0.000948108
0.000701636
0.00143958
0.00406651
0.000465768
0.00105709
0.00053354
0.000514257
0.000746454
0.000199359
0.000202473
0.000974007
0.00135004
0.000195696
0.000130451
0.00549129
0.000954906
0.000697362
0.00220969
0.0026621
0.00114994
0.000705537
0.00640347
0.000221398
0.000977117
0.000989857
0.00121822
0.00385043
0.00241942
0.00165327
0.000793114
0.000321689
0.00370922
0.00140459
0.00100671
0.001837
0.000112796
0.00127438
0.000336228
0.000884216
0.00292779
0.00321709
0.0012737
0.000893351
0.0008098
0.00305181
0.00425993
0.000485148
0.00299001
0.000445969
0.00277044
0.000165224
0.00232077
0.000521542
0.000372969
0.000619639
0.000614223
0.000804043
0.000826555
0.000551232
0.00266745
0.00059275
0.000780176
0.000513778
0.000855205
0.000441185
0.00052844
0.00028758
0.000451543
0.000378563
0.000403494
0.000717411
0.00330241
0.00116108
0.00361522
0.000874874
0.00458895
0.00745669
0.00162602
9.33597e-05
0.00102241
0.0014262
0.000705193
0.00228353
0.000337939
0.0011165
0.000233369
0.000786121
0.000348513
0.00216569
0.00386641
0.000644392
0.000465508
0.0026918
0.00491714
0.000805087
0.00057009
0.0010688
0.00113925
0.000480299
0.000610968
0.00135245
0.00034624
0.000690681
0.000397683
0.000544791
0.000495636
0.000705075
0.000852246
0.00141292
0.00222809
0.00151949
0.00168172
0.00076167
0.000434169
0.00231548
0.000421974
0.000592252
0.00179705
0.000335644
0.00053458
0.000804954
0.00225957
0.000553576
0.000544532
0.000666486
0.00015854
0.00312737
0.000338072
0.000235467
0.000724104
0.000741738
0.000590452
0.00170206
0.00404858
0.000263079
0.000731204
0.000460957
0.000553148
0.000344502
0.00050806
0.000649358
0.000354768
0.00270205
0.00062288
0.000387899
0.000398527
0.000940548
0.000447957
0.00139045
0.00148507
0.000443692
0.000156615
0.000161023
0.000956406
0.00112614
0.00042036
0.000335393
0.000379758
0.000750301
0.000147684
0.000181661
0.000154079
0.000652595
0.00316831
0.000491322
0.000506949
0.00021656
9.80451e-05
0.00053639
0.000611589
0.000472127
8.85071e-05
0.000705656
0.000375244
0.000375007
0.00017961
0.000981555
0.000308949
0.000437425
7.03621e-05
0.000171488
0.000553376
0.00101927
0.000758288
0.000470066
0.000486316
0.00217714
0.000468097
0.000432498
5.86335e-05
0.000481533
0.000842364
0.000492576
0.000334798
0.000337007
0.000148365
0.000150759
6.09908e-05
0.000407808
0.000390559
0.000652187
0.000270832
0.000871312
0.000594425
0.000225955
0.000158296
0.000338351
0.000103007
0.000383361
0.000112549
0.000646462
0.0001893
8.50113e-05
0.000711539
0.000466609
0.00098492
0.00279258
0.000339863
0.00199017
0.00244972
0.000140645
0.00027662
0.000346119
0.000158656
0.000520294
0.000200616
0.000152616
7.4985e-05
0.000417267
0.000101135
0.00049305
0.00067614
0.000148155
0.000971901
0.00573533
0.000272005
0.000399375
0.00222269
0.000560547
0.00470557
0.00652524
0.00397075
0.00799272
0.00265386
0.00246086
0.00222798
0.00246793
0.00246384
0.0025325
0.00476347
0.00317774
0.00378649
0.0034416
0.00407143
0.00580697
0.0043721
0.0122621
0.00249968
