0.000143643
0.00100321
0.00214713
0.0013966
0.000366003
0.00418744
0.00120241
0.00365229
0.00493531
0.00161541
0.00371573
0.00174733
0.000826365
0.000493463
0.0003987
0.00510344
0.00257892
0.000831856
0.000444164
0.00235677
0.000164914
0.000285878
0.00146908
0.000508939
0.000364457
0.000520181
0.000558335
0.00060724
0.000474694
0.000505146
0.000737693
0.000303419
0.000400519
0.00269181
0.00104882
0.00159612
0.000320539
0.000170254
0.00022744
0.000206474
0.000748242
0.000187193
6.61832e-05
0.000186216
0.000353172
0.000153872
0.000319431
0.000454079
0.000582713
0.000548337
0.00130981
0.00475833
0.000582413
0.000565716
0.00187022
0.00135423
0.000350168
0.000324348
0.000545418
0.00108412
0.00105454
0.000309972
0.00199568
0.00144854
0.000313658
0.000455972
0.000523048
0.00123598
0.000566688
0.000216906
0.00132693
0.00117884
0.000639631
0.000364869
0.00247169
0.000472062
0.000825235
0.000620484
0.000309315
0.000217421
0.00190959
0.000186436
0.000528994
0.000187364
0.000511941
0.000482084
0.00050155
0.000719629
0.000378337
0.00035467
0.00137393
0.000166363
0.000605611
0.000470396
0.000564446
0.000707954
0.000411189
0.000650592
0.000320076
0.000413257
0.000520424
0.00302864
0.00056538
0.000862567
0.000179024
0.00109803
0.0020447
0.000590736
0.000858601
0.00188966
0.000790793
0.000741006
0.000569693
0.000535317
0.000112569
0.00316549
0.000294256
0.000811273
0.000953143
0.00101868
0.000254924
0.000457032
0.000428149
0.0010042
0.00115092
0.00512817
0.000700234
0.00368211
0.00177737
0.00145927
0.00109587
0.001114
0.000879053
5.73316e-05
0.000434106
0.000148259
0.00144138
0.00177463
0.000121222
0.00281508
0.00220161
0.000380324
0.00141469
0.000588877
0.00170242
0.000128876
0.000542686
0.000736023
0.00022689
0.00122764
0.000421484
0.00157027
0.000579092
0.000660383
0.000210842
0.000528135
0.000504133
9.00104e-05
0.000515476
0.000250722
0.000129518
0.00163496
0.00062119
0.00106716
0.00121028
0.00356534
0.000270156
0.00103287
0.00144343
0.000936205
0.000825784
0.0017577
0.000673381
0.000160025
0.000380465
0.00189431
0.000435185
0.000165445
0.000456077
0.00091527
0.0018301
0.000501348
0.000414902
0.000699626
0.000596201
0.000501366
0.00175445
0.000411102
0.00115741
0.000304154
0.000524518
0.000327805
0.000723201
0.000452472
0.000303978
0.000484335
0.000460369
0.000328974
0.000768967
5.63321e-05
0.00038743
0.000677606
0.000775966
0.000558846
0.000299481
0.000329351
0.000723594
9.94331e-05
0.000367867
0.000368034
0.000143797
0.000547929
0.00047525
0.000155613
0.000237416
0.000526935
0.00305664
0.00224857
0.000413414
0.00149256
0.000888621
0.00114859
0.00213442
0.00118113
0.00250871
0.000937741
0.00157919
0.000238233
0.000475903
0.000264741
0.000387036
0.000960682
0.000358872
0.000212709
0.000176024
0.000683793
0.000923227
0.000799014
0.000461836
0.000243258
0.000238552
0.000375948
0.00012584
5.9654e-05
0.00261223
0.0017783
0.000464778
0.000367509
0.000416065
0.0039414
0.00171568
0.00330595
0.000366228
0.00382679
0.0031761
9.52357e-05
0.00130754
0.00079598
0.00132454
0.00219363
0.00159924
0.00138114
0.00272861
0.000342129
0.00385064
0.00115028
0.00080166
0.000806544
0.00817428
0.000423797
0.00269393
0.0117547
0.000462313
0.000418577
0.000618365
0.000356072
0.00100835
0.000342727
0.000378251
0.00014886
0.000244248
0.000254259
0.00193107
0.000285193
0.000426696
0.000594143
0.00138081
0.000144963
0.000291645
0.000198786
0.000265118
0.000503021
0.000123597
0.000578277
0.000105823
0.00159028
0.000191997
0.000742028
0.000415569
0.00104059
0.000458455
0.000348698
0.00027067
0.00159951
0.00476039
0.00429061
0.000652788
0.00235729
0.000463092
0.000431666
0.000358107
0.000431656
0.000483471
0.000317615
0.00049016
0.000800677
0.000432073
0.00065758
0.00095438
0.00070892
0.0010557
0.002236
0.0004335
0.000534576
0.000572794
0.00470549
0.000257284
0.000700315
0.00379499
0.000450444
0.00187198
0.00039767
0.000279724
0.000319144
0.00055624
0.00170586
0.000565979
0.000368793
0.000176665
0.000703268
0.000623354
0.000738303
0.000190676
0.000397252
0.000424308
0.000119566
0.000251988
0.000161956
0.000641444
0.000361082
0.000124561
7.33329e-05
0.000463258
0.000545992
0.000137255
0.000926533
0.00266185
0.000315629
0.00040876
0.000680292
0.000477401
0.000436375
0.000354894
0.0037536
0.00028978
0.000507122
0.000170117
0.000613701
0.000762473
0.000655754
0.000297885
0.000474452
0.00751725
0.000334558
0.000532803
0.00308622
0.00701984
0.00214116
0.000959069
0.00472305
0.00374203
0.00218796
0.00298243
0.00610934
0.000894481
0.00256249
0.000399211
0.00115268
0.00308697
0.0025102
0.000666665
0.00477187
0.000256958
0.000441582
0.00169734
0.0010213
0.0130512
0.000625517
0.000589235
0.00218729
0.00420998
0.00112739
0.00177324
0.000252218
0.0106142
0.000123889
0.000321562
0.00484916
0.000395791
0.00330527
0.00599993
0.000409029
0.000892488
0.00550048
0.00162481
0.00209919
0.00751822
0.000386527
0.0015125
0.00416496
0.000379082
0.000959341
0.0068523
0.00813358
0.00677235
0.000767385
0.0103863
0.00183363
0.00385342
0.00392774
0.0015792
0.000650322
0.0029607
0.000755164
0.000608207
0.000802054
0.0121344
0.00045832
0.000272837
0.000369148
0.00305168
0.0114402
0.000350364
0.0031855
0.0185087
0.000366125
0.00396113
0.00174987
0.00631333
0.000354316
0.00067259
0.0087968
0.00039184
0.000793561
0.00772946
0.00896263
0.000744101
0.00049604
0.00108893
0.0131693
0.000635545
0.00436261
0.000531541
0.00258915
0.000620633
0.000354502
0.000685219
0.00250598
0.00125474
0.00513077
0.000479656
0.00236777
0.000238483
0.00770851
0.00192694
0.00332173
0.00457345
0.00309788
6.64432e-05
5.61483e-05
0.000459713
7.30075e-05
0.000368308
0.000100138
0.000130789
0.000159489
0.000159618
7.39911e-05
0.00010394
0.000102375
6.55408e-05
0.000100279
0.000105623
0.00014325
9.50288e-05
6.35024e-05
6.34503e-05
