0.00088477
0.0059554
0.0014394
0.00237337
0.00168424
0.000430599
0.0014946
0.00370915
0.00479939
0.000632714
0.00122908
0.00158167
0.00117255
0.00109934
0.00107687
0.00141506
0.00132511
0.00280113
0.00243968
0.00155572
0.00203865
0.0012727
0.00231139
0.000961031
0.000762109
0.000880731
0.00266199
0.00103928
0.00269742
0.00413008
0.00365873
0.00119997
0.000845841
0.00136773
0.00402708
0.00142293
0.00111145
0.00138682
0.00250359
0.00148449
0.00462463
0.0135477
0.00130749
0.00182718
0.000765231
0.00693381
0.000597482
0.00124793
0.00141718
0.000686725
0.00911951
0.0011222
0.001725
0.00185525
0.00147403
0.0013708
0.00259972
0.00320074
0.00188179
0.00148309
0.00151421
0.000522293
0.00145426
0.00177038
0.00335081
0.00108591
0.0108237
0.00240377
0.000997999
0.00249594
0.00106224
0.000697537
0.00119249
0.00513072
0.00175911
0.00144415
0.00132078
0.00174363
0.00172332
0.00122611
0.00195423
0.00150103
0.00401062
0.00240532
0.00141416
0.00100793
0.00103562
0.00191176
0.0020155
0.00237609
0.000726268
0.00283717
0.0019167
0.000959003
0.00360643
0.00276027
0.00118253
0.00204858
0.00180806
0.00125635
0.00163726
0.00153459
0.000312321
0.00036904
0.00154318
0.00117865
0.00807416
0.00203703
0.00111623
0.00117748
0.00118514
0.00436084
0.00137469
0.00106664
0.00237105
0.00239842
0.00182374
0.00115071
0.00122814
0.00120818
0.00113311
0.00244981
0.000849119
0.00226269
0.00264678
0.00213304
0.00318136
0.00268768
0.00203814
0.000501201
0.00500728
0.00113077
0.00381681
0.000674207
0.000537095
0.0015695
0.00108573
0.000737693
0.000863046
0.000870129
0.0014619
0.00281183
0.00131045
0.00208394
0.00166166
0.00161592
0.00108956
0.00528094
0.00145725
0.00170847
0.000610378
0.00293518
0.0015491
0.00723305
0.00433833
0.00187556
0.00122287
0.00163838
0.00132602
0.00101085
0.00147894
0.00461696
0.002132
0.000820673
0.0020575
0.000688543
0.00104103
0.000857319
0.00142444
0.000997651
0.000729592
0.00176656
0.00190553
0.00134602
0.000488171
0.000379112
0.00201568
0.00133799
0.00084053
0.00109065
0.000784917
0.00213889
0.0023379
0.0016172
0.00116074
0.00151906
0.00116541
0.0010622
0.00210763
0.0014025
0.00164546
0.00165996
0.00147089
0.00169213
0.00082515
0.00235204
0.00559696
0.00324871
0.00227509
0.000706494
0.00294546
0.00258919
0.00441607
0.00237473
0.000864061
0.000964433
0.00104517
0.00214401
0.00043567
0.00218408
0.00132165
0.00171561
0.00283914
0.0015409
0.00197545
0.000674339
0.00123278
0.00210672
0.00201429
0.00360744
0.00114092
0.00184858
0.00125976
0.00157671
0.00526593
0.00256808
0.00244747
0.00231832
0.00114918
0.000938612
0.00143104
0.000558717
0.00140633
0.00201243
0.0029024
0.00281351
0.00105049
0.00586708
0.00203984
0.00421098
0.00126052
0.00118207
0.00155142
0.00117101
0.00281305
0.00208948
0.00336709
0.00210152
0.00146685
0.0012056
0.00188664
0.00124212
0.00126202
0.00283764
0.00102362
0.00164283
0.00559869
0.0012962
0.00155408
0.00329977
0.00111018
0.00117653
0.00163549
0.00170708
0.00299209
0.00218771
0.0043971
0.00703703
0.00147716
0.00354068
0.00197372
0.000758221
0.000988098
0.00110904
0.00247444
0.00299423
0.00213555
0.00110275
0.000933938
0.00220209
0.0036485
0.000802015
0.000716974
0.00105812
0.00143553
0.00373381
0.00160493
0.000904073
0.00119216
0.00118523
0.000825338
0.00164655
0.00285512
0.00210027
0.0011251
0.00133766
0.00168239
0.00203917
0.00126124
0.00220145
0.00235332
0.00134213
0.00145482
0.000865474
0.00327086
0.00696061
0.000839168
0.0030982
0.00126788
0.00317515
0.000791263
0.00147323
0.000868611
0.00211634
0.00157719
0.00140482
0.000548527
0.00128596
0.00159662
0.00168388
0.00940454
0.000813389
0.00168848
0.000616961
0.0023372
0.00110139
0.00491708
0.00119505
0.00176144
0.00181467
0.00107065
0.00156097
0.00177768
0.00225544
0.00131837
0.000738303
0.00719794
0.00202716
0.000734811
0.00144691
0.00184164
0.00278742
0.000583176
0.000488
0.00185233
0.000491776
0.00171887
0.00187252
0.00410807
0.00108502
0.00132453
0.00339409
0.00329239
0.00310187
0.00159612
0.00165986
0.00136296
0.00181673
0.00289268
0.00172685
0.00221784
0.00993912
0.00143431
0.000372678
0.00141005
0.00182616
0.00100186
0.00074755
0.00301715
0.00167606
0.000550035
4.96985e-05
0.00104964
0.00196335
0.0012969
0.00102522
0.00180066
0.00109183
0.00117622
0.00276713
0.00100972
0.000334761
0.00107392
0.00115584
0.00219171
0.000618723
0.00120131
0.0014145
0.000862267
0.000553832
0.000761503
0.00268184
0.00119579
0.00124855
0.0015109
0.000291162
0.000680996
0.00139273
0.00176395
0.00169659
0.00082226
0.0012368
0.00147003
0.000848198
0.00135779
0.000906946
0.00113846
0.00551305
0.00125667
0.00156645
0.000954134
0.00281778
0.001627
0.000792059
0.00170898
0.0029558
0.00294155
0.0014805
0.0024441
0.0012854
0.00232827
0.00209391
0.00178609
0.000405997
0.000178885
0.00290259
0.00221177
0.00132344
0.00130888
0.00332736
0.000894137
0.00225647
0.00158316
0.00158487
0.00155527
0.00137297
0.00291032
0.00127834
0.00109303
0.00306899
0.000751929
0.00191724
0.001541
0.00128799
0.00138716
0.00190131
0.00194856
0.000991657
0.00349985
0.00320991
0.0011697
0.00236379
0.00262761
0.00200339
0.00401519
0.00426003
0.00256786
0.0035403
0.0058581
0.00306589
0.000920155
0.00378402
0.00134359
0.00175835
0.0026848
0.000455161
0.00276158
0.00336837
0.00125527
0.0011842
0.00103513
0.00104217
0.000859
0.00339301
0.00291816
0.000825151
0.00266747
0.00133135
0.00172085
0.00362046
0.00182701
0.000638168
0.000794048
0.00202653
0.00117041
0.00100882
0.00111645
0.00247604
0.00249585
0.001972
0.00127138
0.000611852
0.00218436
0.00127233
0.00360221
0.00158665
0.00162533
0.00552453
0.000739966
0.00152429
0.00079163
0.00118468
0.00139408
0.00229831
0.000932299
0.00442087
0.000791737
0.0112655
0.00612056
0.00245799
0.000300198
0.0015113
0.00123983
0.0019566
0.00137694
0.00199702
0.000815192
0.00227689
0.00217666
0.00165092
0.00165239
0.00204756
0.0010992
0.00287783
0.00127174
0.000976082
0.00177189
0.00274451
0.00415461
0.00248539
0.00163982
0.00127324
0.000753965
0.00214624
0.000646365
0.0014252
0.00108822
0.00101257
0.000711844
0.0018284
0.00159973
0.00566171
0.00223822
0.00417562
0.00333119
0.00484011
0.00150841
0.000522366
0.000837932
0.00276486
0.00105406
0.00117887
0.00253984
0.00150339
0.00115566
0.00123139
0.00319681
0.0081612
0.00157443
0.00477303
0.00088112
0.00142944
0.00396828
0.000478528
0.00238085
0.00347258
0.00152823
0.00144799
0.000534766
0.00783749
0.0012832
0.000950547
0.00528233
0.00142399
0.000896926
0.00135768
0.00072828
0.00146486
0.00566974
0.00121197
0.000728231
0.00179527
0.00112132
0.00147325
0.000674525
0.00393593
0.00158511
0.00115489
0.00131078
0.00150489
0.00194514
0.00356249
0.00178329
0.00176751
0.00141322
0.00161025
0.00295024
0.000722215
0.00158378
0.00174388
0.0011268
0.0039521
0.001708
0.00122505
0.00561225
0.00173707
0.000560779
0.00110292
0.00218875
0.00531049
0.00147149
0.00240916
0.000969316
0.00440825
0.00159157
0.000640367
0.00293561
0.00161177
0.00378269
0.00175451
0.00117373
0.00100219
0.000368059
0.00143429
0.000876381
0.000831574
0.000735577
0.00125879
0.00632817
0.0013018
0.00388755
0.00173621
0.00205713
0.00152486
0.000951726
0.00488764
0.002683
0.00077217
0.000995065
0.00180549
0.0022183
0.00134701
0.00106008
0.000509999
0.00157193
0.00107725
0.001727
0.00211934
0.000754746
0.0014392
0.00458201
0.00155434
0.0014958
0.000432992
0.00129316
0.0018695
0.000746469
0.00272658
0.00107905
0.00125397
0.000950354
0.00144874
0.00117818
0.000938184
0.0012199
0.000631787
0.00217757
0.000259432
0.00267288
0.00196928
0.000787267
0.000943794
0.00175692
0.00337351
0.00277732
0.00123276
0.00137484
0.00133743
0.000987889
0.00171134
0.00145432
0.0010464
0.00178826
0.000763138
0.00154004
0.00413396
0.00663189
0.00189789
0.00081416
0.00408704
0.00324695
0.00139411
0.00144168
0.0021233
0.0013956
0.00124012
0.00282549
0.00325321
0.0017925
0.00195191
0.00196509
0.00170649
0.00326873
0.00318587
0.0019922
0.00273295
0.0011211
0.00260325
0.00221785
0.00196025
0.00142382
0.00141327
0.00198967
0.00187036
0.000404359
0.00239189
0.00202517
0.00131546
0.000775031
0.00351387
0.00418823
0.00267204
0.00182308
0.00182695
0.00158655
0.00352018
0.00145563
0.00122817
0.000406595
0.00160198
0.00195133
0.00228947
0.00134103
0.000845308
0.000616403
0.00226245
0.00137408
0.00195777
0.00149745
0.000867258
0.00144557
0.00212553
0.00195913
0.00108508
0.000772718
0.00148843
0.000869284
0.000768057
0.00780848
0.00122
0.00167392
0.00361624
0.00169807
0.00131223
0.00426569
0.00137452
0.0014288
0.000658288
0.00442155
0.00150287
0.000968149
0.00142649
0.00152887
0.00145733
0.00164503
0.00184945
0.00154969
0.00173842
0.00178192
0.00128693
0.00108711
0.00278995
0.00220315
0.00100558
0.0053022
0.000902205
0.00349795
0.000602421
0.00140566
0.00128143
0.00174375
0.00295723
0.00104863
0.00123697
0.000724668
0.000414812
0.000597204
0.000869718
0.00177757
0.00103175
0.00119792
0.000996326
0.00118327
0.00269991
0.00211373
0.00150248
0.000971628
0.00144563
0.00146588
0.0011102
0.0018065
0.00164552
0.000283014
0.00130211
0.00154989
0.0014299
0.00110593
0.000923137
0.000728755
0.00137327
0.00259472
0.00157602
0.00125555
0.000703087
0.00199177
0.00514116
0.00249169
0.00132014
0.00281695
0.00208146
0.000492336
0.00230171
0.00079137
0.00301249
0.00252646
0.00104657
0.00171058
0.0039328
0.00233543
0.00150601
0.00170691
0.0010514
0.00212225
0.0012022
0.00123209
0.00328955
0.00352318
0.00220025
0.00174256
0.00179803
0.0015971
0.000901973
0.00277173
0.000288934
0.00285097
0.000585128
0.00133497
0.00160501
0.00184681
0.00143695
0.00192904
0.00660219
0.00181865
0.00243073
0.000861441
0.00178733
0.00146892
0.000971672
0.000744235
0.00209915
0.00122933
0.00237492
0.00203858
0.00172318
0.00129554
0.00140933
0.00172171
0.000886706
0.00153254
0.000944025
0.0032049
0.00113582
0.00165027
0.000643421
0.000380978
0.00154598
0.00190021
0.000852439
0.0018172
0.00370666
0.00331306
0.000996841
0.00152444
0.000793313
0.000340127
0.000785732
0.00247737
0.00149565
0.0012953
0.00129961
0.000824369
0.00573077
0.00149673
0.00296687
0.000681565
0.00558625
0.00151658
0.000276124
0.00371746
0.00417887
0.00315062
0.00107025
0.00223174
0.00143037
0.000654401
0.00409665
0.000921744
0.00138817
0.00112979
0.000944001
0.000655495
0.00204615
0.00359593
0.00110739
0.00192468
0.00256167
0.00153459
0.00221407
0.00149183
0.000845936
0.00100361
0.00242649
0.00134247
0.00197457
0.00141701
0.00161726
0.00137985
0.000757372
0.00121147
0.00101645
0.00409792
0.0015394
0.00206604
0.0017883
0.00155461
0.00236122
0.00232112
0.000379247
0.00140982
0.00414969
0.00129173
0.000893385
0.00203016
0.0024075
0.00125646
0.00161779
0.00202129
0.00410246
0.00163418
0.000902798
0.00169909
0.000985144
0.00364332
0.00226566
0.00201233
0.000256133
0.00119077
0.00396121
0.000707736
0.000740969
0.000246749
0.000540204
0.00154333
0.00141299
0.00138992
0.00228895
0.00119029
0.00126963
0.00133718
0.00145764
0.00189129
0.00220724
0.00230712
0.0029323
0.00246025
0.00645872
0.000662731
0.00219374
0.00157281
0.000990454
0.000939038
0.000314151
0.00158071
0.000980491
0.00455607
0.00188012
0.0016143
0.00189527
0.00400271
0.00169324
0.00318388
0.00685117
0.000823303
0.00357001
0.00264487
0.00228412
0.00074297
0.00171081
0.00254615
0.00174531
0.00128908
0.00185404
0.00114968
0.00290285
0.000982749
0.00177867
0.00195909
0.00567557
0.00145284
0.00234918
0.00235977
0.00184951
0.00446914
0.00432192
0.00270943
0.00197855
0.00860476
0.00137503
0.00142603
0.000299157
0.00206391
0.00178907
0.00203317
0.00192276
0.00409517
0.00247015
0.00103112
0.00139197
0.00185599
0.00207068
0.00612979
0.00225265
0.00251309
0.000952147
0.00157663
0.00136718
0.00105747
0.00360578
0.00638497
0.000914247
0.00139636
0.00248401
0.00286026
0.00101546
0.00110218
0.00225898
0.00148777
0.00159525
0.000972193
0.00289073
0.00106381
0.000548396
0.00144979
0.00146703
0.00172706
0.0023207
0.0016962
0.00246022
0.00027884
0.000436051
0.00253492
0.00157627
0.00152969
0.00133256
0.00165614
0.00359034
0.000829566
0.000914895
0.00244352
0.00201971
0.00117667
0.00148088
0.0005615
0.00305216
0.00389558
0.00122744
0.000969255
0.00314425
0.00415717
0.000846868
0.00183145
0.00159172
0.000809081
0.00240336
0.00178399
0.0018205
0.00161211
0.00412482
0.00198976
0.000497314
0.00242253
0.00278046
0.00478564
0.00118856
0.00275294
0.000743821
0.000948733
0.00116855
0.00164192
0.00156516
0.00171137
0.000419323
0.000371037
0.000644279
0.00132693
0.00266633
0.0008181
0.00134942
0.000874872
0.00135768
0.0027285
0.00133125
0.00235931
0.00158319
0.00269973
0.00239235
0.00194264
0.00434923
0.00226759
0.0023717
0.00113704
0.00129679
0.0013071
0.000919219
0.00173314
0.000958414
0.00127473
0.00523891
0.00225496
0.00177484
0.00176336
0.00152579
0.00203157
0.0011545
0.00174696
0.00388309
0.000889911
0.00119453
0.00179315
0.00534388
0.00150568
0.00255905
0.00286302
0.00173275
0.00104111
0.00242531
0.00541284
0.00240464
0.002227
0.00160357
0.00218256
0.00139836
0.00124084
0.00132308
0.00183173
0.00143218
0.00145718
0.00101406
0.000463775
0.0038133
0.00206625
0.00174924
0.00213358
0.00137055
0.00177046
0.000983036
0.00157034
0.00167759
0.00138194
0.00213852
0.00188802
0.0025797
0.00154303
0.00119129
0.00333445
0.00452413
0.00843998
0.00292481
0.00291847
0.00539691
0.00147145
0.000997944
0.00214595
0.00146494
0.00219603
0.00138106
0.000992442
0.00151776
0.000836674
0.000707809
0.00194312
0.00167437
0.00160991
0.00266908
0.00105892
0.00127432
0.00165863
0.0020014
0.00156877
0.00200378
0.000825095
0.00112363
0.00195712
0.00150357
0.00172067
0.00221412
0.00176313
0.00108329
0.000891239
0.00138734
0.000610785
0.00326855
0.00192411
0.00370354
0.00191698
0.00117766
0.0015566
0.00238581
0.000972542
0.00161072
0.00197779
0.00277605
0.00276964
0.00194864
0.00142461
0.00184045
0.00184415
0.00430401
0.00173859
0.00383175
0.000675089
0.00127229
0.00151345
0.00307683
0.00228826
0.002592
0.00222868
0.00287207
0.00144115
0.000977424
0.00172881
0.00171562
0.00110058
0.00134492
0.00229669
0.00169792
0.00129703
0.00150239
0.00308676
0.0051628
0.00150832
0.00326897
0.00148603
0.00321493
0.00283868
0.0022147
0.000390207
0.00182459
0.00151054
0.000503698
0.00131345
0.00207932
0.00123307
0.000709035
0.00146071
0.00181272
0.00927732
0.000692153
0.00517354
0.000529488
0.00181555
0.00169325
0.00142931
0.00169107
0.00343892
0.000337025
0.00116831
0.000748558
0.0014524
0.000858926
0.00175099
0.00032236
0.000584316
0.00110243
0.00261211
0.00121671
0.000868685
0.0022626
0.00149718
0.00121964
0.00157549
0.00426035
0.00182953
0.000498267
0.00182881
0.000635927
0.000526662
0.00142902
0.00236232
0.00148671
0.000505547
0.00164647
0.00147207
0.00052595
0.00196354
0.00325724
0.00133859
0.002046
0.001969
0.00222481
0.00294723
0.001264
0.00516626
0.00173872
0.00272484
0.00137291
0.0028519
0.00263286
0.0011752
0.00312789
0.00257898
0.0013037
0.00161362
0.000913745
0.00176509
0.00159583
0.00213405
0.0024965
0.00178555
0.00170207
0.00788488
0.00407394
0.000995806
0.00216146
0.00134513
0.000363705
0.00083187
0.00111386
0.000993723
0.000903046
0.00107162
0.00173058
0.00127781
0.00156069
0.000866257
0.00554425
0.00180418
0.00179454
0.00101257
0.00176972
0.00173237
0.00191073
0.00293232
0.000587251
0.00193477
0.0013705
0.000825277
0.00180825
0.00250438
0.00191058
0.00162713
0.00244849
0.00212939
0.00205345
0.0032451
0.00150764
0.00147932
0.00309034
0.000970566
0.000931011
0.00127909
0.00235314
0.0018695
0.00120999
0.00108681
0.00164384
0.00112241
0.000564873
0.00108416
0.000877945
0.00117608
0.00149389
0.00227661
0.00160372
0.0020916
0.00189722
0.000323801
0.00157597
0.00249006
0.00224659
0.00149931
0.0011532
0.00134662
0.00198683
0.00101131
0.000725333
0.00180584
0.00147428
0.00136085
0.00210367
0.00582937
0.00294075
0.00142884
0.00220743
0.000750953
0.00158114
0.00350384
0.00111364
0.0021163
0.000962348
0.00182691
0.00395587
0.00359797
0.00187646
0.00146452
0.000294904
0.000893475
0.00113871
0.00232174
0.00276725
0.000443171
0.00154977
0.00531115
0.000801261
0.00323203
0.00260822
0.00186778
0.0019196
0.00420112
0.00388222
0.00108186
0.00101711
0.00194985
0.00108809
0.000561244
0.00163981
0.0015024
0.00242878
0.00422491
0.0026319
0.00138672
0.00214348
0.00284327
0.00221448
0.000856864
0.00191961
0.00227775
0.00202943
0.000880171
0.00150361
0.00062211
0.00216925
0.00296642
0.00159258
0.000822817
0.00153629
0.00176401
0.00233144
0.00454112
0.000460083
0.00514114
0.00104379
0.00106971
0.00265231
0.00233928
0.0020646
0.00136717
0.00124897
0.00110357
0.00166479
0.0011454
0.00594559
0.00430765
0.0051842
0.000259951
0.00291015
0.000420421
0.00260038
0.000645697
0.00102855
0.00361283
0.00168419
0.00126972
0.00156404
0.00128149
0.00471936
0.00166187
0.00158831
0.00842568
0.00653769
0.00284802
0.00140984
0.00215496
0.00150798
0.00209408
0.000347403
0.00140282
0.00151186
0.00187724
0.00137925
0.00097727
0.00145753
0.00104578
0.000756721
0.00136225
0.00298865
0.00282353
0.00119662
0.00337212
0.000572931
0.00250485
0.00180975
0.000439237
0.00231028
0.00153364
0.00288863
0.00131482
0.00200821
0.00202623
0.00220295
0.000504224
0.000487462
0.000882478
0.00215208
0.00205761
0.00166796
0.00270881
0.00161727
0.000237127
0.000997174
0.00205634
0.0040611
0.00557899
0.00315507
0.000635965
0.000828956
0.000302754
0.00312875
0.00261037
0.0100014
0.00221122
0.0028141
0.00152112
0.00109483
0.0010967
0.00026709
0.00366781
0.0013296
0.00510357
0.00141045
0.000287159
0.00118607
0.00284637
0.00198166
0.00157778
0.00295562
0.00186254
0.000995983
0.000607198
0.00093784
0.00383517
0.00152953
0.00199217
0.00176994
0.000289618
0.0013162
0.0042061
0.00507612
0.000878767
0.00183117
0.0033184
0.000635721
0.00225418
0.00215761
0.00266469
0.00256255
0.000903572
0.00177289
0.00100687
0.00297486
0.00170615
0.00147671
0.00193145
0.00783234
0.0033671
0.00104921
0.000544036
0.000943797
0.00124523
0.000935713
0.00148059
0.00215187
0.00391709
0.00354697
0.00225727
0.000398311
0.0014785
0.00198211
0.0015736
0.00137072
0.00132542
0.000845925
0.00116534
0.00350278
0.000450277
0.00293987
0.00276263
0.00619064
0.00372356
0.000836383
0.00105489
0.00104228
0.00866933
0.000202871
0.00131119
0.00220753
0.00116588
0.000735954
0.00130899
0.00186627
0.000684357
0.00100173
0.00194717
0.00364713
0.00170258
0.00132657
0.00165559
0.00135977
0.000793906
0.000983531
0.00201985
0.00218627
0.0005433
0.00184701
0.0034088
0.00256998
0.00137635
0.000958053
0.00126333
0.00473468
0.00795252
0.000768619
0.0013695
0.00186988
0.000592099
0.00080721
0.00122146
0.00757046
0.00149136
0.0012598
0.00182062
0.000406896
0.000552467
0.000377982
0.00111032
0.00160788
0.00174115
0.0013062
0.000844067
0.00147892
0.00113285
0.00365667
0.00122061
0.00177235
0.00276136
0.00113015
0.00572129
0.00145398
0.0017276
0.00109682
0.00202061
0.00290504
0.0014865
0.000710963
0.00173398
0.00310691
0.00421655
0.000721205
0.000785758
0.00122039
0.00207851
0.00120976
0.00111429
0.000911792
0.00165392
0.000603044
0.000998441
0.0013961
0.000949849
0.00121927
0.00167835
0.000609691
0.00145706
0.00402922
0.00236215
0.00125728
0.00175177
0.00100477
0.00185377
0.00146222
0.00201357
0.00141038
0.00226485
0.00356998
0.00205937
0.00076637
0.00113113
0.00311607
0.00154009
0.00159674
0.001315
0.0026385
0.00130192
0.00146178
0.008919
0.00154336
0.0019703
0.00198102
0.00384908
0.00216196
0.0013714
0.000632066
0.000558995
0.00124302
0.001749
0.000673288
0.00267898
0.00136693
0.001229
0.0013497
0.000223966
0.00126487
0.00178016
0.000827189
0.00217952
0.00249749
0.00263266
0.00114815
0.000608636
0.00362661
0.00267585
0.00129795
0.00114756
0.0025688
0.00113393
0.00317764
0.000887697
0.00151885
0.002164
0.000747581
0.00227455
0.00196076
0.001175
0.000457161
0.00138518
0.00454417
0.00379239
0.000654852
0.000477885
0.00229862
0.00153517
0.00128569
0.00105049
0.002091
0.00244192
0.00185814
0.0018387
0.00159844
0.00217906
0.0019665
0.00415848
0.00176144
0.00185062
0.00183566
0.000597683
0.00104229
0.00162383
0.00157214
0.00246712
0.00158203
0.0011693
0.00195528
0.00391456
0.00972302
0.000511719
0.00185625
0.0013566
0.0017455
0.000836103
0.00145743
0.00265056
0.000863969
0.0017954
0.00171967
0.0021679
0.00148929
0.00118114
0.00119134
0.00253014
0.000521121
0.000467235
0.00223527
0.0022568
0.00169575
0.00454748
0.000353651
0.000977333
0.00314769
0.00167018
0.00180361
0.0020521
0.000409936
0.00132667
0.00160698
0.000647296
0.000915518
0.000361539
0.00646964
0.00101075
0.00309595
0.00339599
0.00292594
0.00480931
0.000822831
0.00150853
0.00571777
0.00121067
0.00180411
0.00529901
0.00182015
0.00108887
0.00103548
0.0011851
0.00148095
0.00188037
0.00135986
0.002072
0.000914282
0.00124263
0.00213199
0.00229379
0.00158324
0.00161211
0.00164501
0.00248703
0.00190791
0.0036743
0.00156322
0.00197349
0.00260544
0.00279584
0.00146218
0.00116728
0.00164435
0.00111724
0.00143572
0.00327423
0.00140691
0.00112629
0.000969212
0.00832038
0.00466039
0.0029235
0.00152326
0.00706797
0.00130185
0.00172451
0.00170794
0.00314017
0.00313086
0.00108614
0.00126846
0.00237079
0.00210327
0.00333493
0.00171494
0.00190424
0.00116136
0.0004917
0.000457142
0.00294186
0.00325466
0.000672722
0.00118448
0.000849097
0.0013623
0.000781961
0.00111674
0.00306835
0.00494191
0.00207061
0.00159356
0.00149435
0.00035063
0.00222927
0.00119117
0.00715853
0.0040983
0.000855892
0.00212816
0.00194456
0.00135125
0.00158398
0.00396069
0.000547487
0.00199733
0.00112768
0.0023768
0.00229062
0.00141926
0.0016278
0.000559156
0.00282597
0.00271474
0.0015704
0.00129946
0.00243962
0.00188958
0.00261031
0.00133921
0.00235049
0.00584206
0.00112165
0.00216016
0.00044015
0.0149742
0.000713719
0.000589572
0.000456656
0.000337172
0.000625092
0.00365476
0.00452557
