0.145021
0.145021
0.166347
0.166347
0.145021
0.166347
0.158246
0.166347
0.166347
0.139062
0.158246
0.0417655
0.157552
0.0722447
0.1241
0.0890359
0.0683786
0.0779343
0.0314679
0.0756964
0.018266
0.0782319
0.0324971
0.0676784
0.0678606
0.0753495
0.123915
0.0723468
0.165623
0.0896172
0.145021
0.146697
0.166347
0.145416
0.166347
0.158246
0.145021
0.145021
0.158246
0.158246
0.144904
0.166217
0.145021
0.158246
0.166347
0.166347
0.166347
0.145021
0.158246
0.145021
0.166347
0.166347
0.145021
0.138394
0.143966
0.0536864
0.0870143
0.0234309
0.027011
0.0209365
0.00954462
0.0183405
0.00343644
0.013807
0.0022497
0.0191282
0.00725371
0.0175125
0.0262534
0.021483
0.080901
0.02017
0.143965
0.0708298
0.158246
0.14525
0.166347
0.158246
0.166347
0.166347
0.158246
0.145021
0.158246
0.145021
0.155741
0.155741
0.158246
0.166347
0.158246
0.158246
0.158246
0.155729
0.166347
0.00791887
0.0473389
0.0190631
0.0381628
0.102508
0.124067
0.00255092
0.167667
0.00363915
0.152612
0.00295886
0.130283
0.00237055
0.141808
0.00336876
0.126648
0.00348043
0.12265
0.00222228
0.138294
0.00339055
0.160212
0.00214277
0.179235
0.00504539
0.145898
0.00303373
0.158246
0.149426
0.158246
0.135756
0.145021
0.158246
0.166217
0.144904
0.145021
0.158246
0.145021
0.145021
0.145021
0.145021
0.145021
0.128904
0.0719022
0.00675651
0.00906229
0.0799693
0.12471
0.0330442
0.0585339
0.00175751
0.110249
0.00378049
0.0804276
0.00734971
0.0729741
0.00701405
0.0711811
0.006921
0.0711966
0.00452899
0.0743594
0.00348593
0.100614
0.00389382
0.0902613
0.00229793
0.0550702
0.00253827
0.156265
0.092293
0.158246
0.120224
0.158246
0.166347
0.145021
0.145021
0.155741
0.148453
0.145021
0.158246
0.145021
0.109207
0.0696283
0.00148617
0.00659456
0.00249093
0.0670539
0.0706454
0.0144422
0.00750681
0.00189663
0.00849325
0.00670364
0.062338
0.00763256
0.0322605
0.00376007
0.0218255
0.00811479
0.0332024
0.00665531
0.0326713
0.0100141
0.0146997
0.00910212
0.0140983
0.00754753
0.0613285
0.00139791
0.00313452
0.00330334
0.00260107
0.0875846
0.0598579
0.0701345
0.0106032
0.158246
0.109435
0.166217
0.166217
0.166347
0.158246
0.158246
0.145021
0.117441
0.0424847
0.00526458
0.00102929
0.00335299
0.00256068
0.104286
0.100376
0.006719
0.00184166
0.00208814
0.0932034
0.0176527
0.107
0.0192261
0.113591
0.0273972
0.0958832
0.0432682
0.0918209
0.0501335
0.0819465
0.0500062
0.0928719
0.0653798
0.0854585
0.0089256
0.0925469
0.00133317
0.00315412
0.00347564
0.00284107
0.0994323
0.0993315
0.127908
0.0447795
0.158246
0.158246
0.148453
0.155741
0.158246
0.13654
0.0449631
0.00289063
0.00114296
0.00154177
0.00520692
0.00439811
0.0714707
0.0640224
0.00881519
0.010213
0.00986026
0.0075652
0.0198548
0.0853564
0.00187685
0.0160933
0.0659816
0.0445649
0.0664506
0.0431318
0.0807693
0.0384508
0.079984
0.0457381
0.00194728
0.0198234
0.0387585
0.105158
0.00438922
0.00458877
0.00275278
0.00496323
0.0641072
0.0677627
0.00674884
0.00991696
0.0452382
0.00121183
0.158121
0.148801
0.166347
0.145021
0.117723
0.070806
0.00160726
0.00138363
0.00143976
0.00206835
0.00687444
0.00275754
0.0967374
0.0947992
0.00324085
0.00363818
0.0803589
0.0800831
0.0017637
0.082756
0.0427231
0.0602397
0.035166
0.0812707
0.0211419
0.0800829
0.0363702
0.0983684
0.0496802
0.0613934
0.00249305
0.0879963
0.078768
0.0839343
0.00330982
0.00647922
0.00428333
0.00459582
0.112584
0.0924332
0.00436108
0.00264152
0.134662
0.0631204
0.148453
0.148453
0.121219
0.086818
0.00145262
0.00313742
0.00330452
0.00179721
0.00174741
0.00178174
0.0506892
0.0480652
0.0111262
0.0169696
0.00755221
0.00762308
0.109287
0.0350776
0.0119631
0.0215769
0.0830544
0.0319479
0.0545105
0.0271955
0.0535893
0.0244727
0.0738932
0.0268656
0.0027717
0.026676
0.101083
0.021797
0.00516054
0.0121437
0.00328962
0.00269053
0.0560231
0.0594082
0.0107878
0.0155222
0.00220362
0.00369561
0.131952
0.0826409
0.145021
0.145021
0.00395157
0.00462349
0.00150019
0.000942013
0.00132194
0.00147713
0.00645909
0.00700393
0.0869757
0.104028
0.00375783
0.00818499
0.091501
0.0927626
0.0102234
0.00256682
0.00693574
0.00735365
0.0610439
0.00749632
0.0591751
0.01027
0.0470431
0.0105894
0.00332698
0.00762949
0.00269203
0.00202836
0.0854122
0.0912997
0.00323274
0.00553529
0.00514872
0.00380296
0.0950545
0.0952119
0.00296014
0.00202591
0.00420144
0.00328569
0.155741
0.155741
0.0625801
0.06641
0.00055909
0.000884863
0.00266837
0.000615235
0.00118215
0.00186606
0.0436412
0.0427149
0.0107688
0.0135353
0.0111576
0.00481482
0.0504112
0.0432846
0.0513672
0.0401742
0.0590931
0.0428074
0.0583805
0.0380766
0.059094
0.0368758
0.0685484
0.0392388
0.0698013
0.0426439
0.0811803
0.0178715
0.00667077
0.0107034
0.00194212
0.00228887
0.0493351
0.0548717
0.00935856
0.0129926
0.000689654
0.00082373
0.0653503
0.0663609
0.163831
0.163832
0.000746205
0.00185994
0.000399237
0.000368316
0.000578674
0.00259638
0.0016028
0.00423785
0.0907079
0.0916731
0.00495636
0.00185073
0.0917306
0.0730527
0.170792
0.13815
0.152399
0.141655
0.150151
0.124369
0.16589
0.112208
0.16207
0.125637
0.166498
0.108579
0.198304
0.100777
0.0983612
0.0830686
0.00584571
0.00369873
0.00248982
0.00389689
0.0874138
0.100187
0.00112394
0.00197202
0.000495722
0.00257741
0.134402
0.153226
0.0855635
0.134767
0.00256672
0.00278412
0.000927103
0.000924708
0.0044429
0.00178834
0.0442906
0.0558795
0.0144169
0.0117515
0.00939015
0.00823376
0.0413184
0.133231
0.0177959
0.0183408
0.0221897
0.0647394
0.02675
0.0467809
0.0169327
0.0266334
0.0153016
0.0646317
0.00677227
0.0198868
0.0155205
0.119171
0.0129392
0.01421
0.00297057
0.00564449
0.0531154
0.0553655
0.0132665
0.0209405
0.00225726
0.00390402
0.0928756
0.154428
0.145021
0.158246
0.00522705
0.0109213
0.00145805
0.000749016
0.00435811
0.00409983
0.00656568
0.00619033
0.0882184
0.0944265
0.0040183
0.00707739
0.073498
0.0719469
0.00634228
0.0229837
0.00427073
0.00126062
0.00474926
0.079967
0.0174262
0.059007
0.00986455
0.0816762
0.00182334
0.0449586
0.00621364
0.0206563
0.0887492
0.131038
0.00882424
0.00538812
0.00778726
0.00486891
0.101188
0.10043
0.001898
0.00283469
0.00528239
0.0120792
0.148453
0.148453
0.154898
0.145021
0.000958459
0.0640232
0.00314012
0.00155697
0.00153634
0.00210152
0.0529478
0.0455709
0.0124574
0.0136486
0.0033658
0.00885401
0.0897486
0.0608887
0.0445111
0.00247534
0.0642513
0.0414955
0.0691491
0.0771387
0.0746065
0.0824145
0.0653584
0.0575736
0.0373118
0.00299901
0.0790662
0.0079418
0.0167235
0.0216469
0.00279431
0.00281876
0.0582415
0.0470548
0.0145993
0.0180591
0.00203411
0.0652505
0.162701
0.166217
0.158246
0.145021
0.0851173
0.15049
0.000570517
0.00113809
0.00129947
0.00410043
0.00258104
0.00277288
0.0932372
0.118426
0.00331632
0.00674374
0.0694165
0.0652216
0.0670768
0.00176165
0.0394153
0.0222718
0.0692304
0.066047
0.0675334
0.0558102
0.054893
0.0644533
0.0769176
0.0599932
0.0579018
0.00286518
0.0983474
0.0977738
0.00766843
0.0024171
0.00448233
0.00309859
0.107872
0.113877
0.00287604
0.00213933
0.085691
0.143255
0.136602
0.155741
0.145021
0.145021
0.139406
0.145021
0.00264573
0.11393
0.00435786
0.00235486
0.0429129
0.0436984
0.0152997
0.0432487
0.00364803
0.0100467
0.118979
0.0039067
0.0437086
0.00606532
0.0529371
0.0102915
0.0483986
0.0110697
0.0547197
0.00796806
0.0630454
0.00733801
0.0570341
0.0112576
0.0780632
0.00523221
0.0252343
0.00556355
0.00117993
0.00811586
0.0501189
0.0835522
0.0195263
0.106472
0.146596
0.166347
0.144904
0.166217
0.166347
0.158246
0.145021
0.158246
0.075092
0.155675
0.00146466
0.00142923
0.00307011
0.00335595
0.102697
0.147372
0.00200308
0.00816704
0.0287068
0.00619917
0.135261
0.00752095
0.132968
0.00854482
0.117556
0.0113354
0.115481
0.00588997
0.106713
0.0112192
0.103897
0.010819
0.108545
0.00587264
0.0916837
0.00249981
0.00105304
0.0066346
0.0026536
0.00521983
0.116001
0.125113
0.0705899
0.148271
0.158246
0.166347
0.155741
0.148453
0.166347
0.166347
0.145021
0.166347
0.144887
0.145021
0.0358848
0.145021
0.00854565
0.108822
0.146273
0.00403036
0.106544
0.00612737
0.100758
0.00280374
0.1074
0.00359011
0.103754
0.00319411
0.105091
0.00441876
0.115901
0.00662509
0.101752
0.0028538
0.112662
0.00432553
0.107886
0.00353322
0.118318
0.00715176
0.140907
0.101617
0.154539
0.145021
0.158094
0.158246
0.166347
0.158246
0.166217
0.166217
0.158246
0.158246
0.166347
0.145021
0.145021
0.145021
0.165681
0.145021
0.0164745
0.123173
0.0178826
0.00252941
0.152704
0.0057792
0.135167
0.00831031
0.149533
0.00714817
0.119868
0.00515043
0.132076
0.0067884
0.128045
0.00698406
0.11266
0.00619255
0.108689
0.00637677
0.130814
0.00546384
0.118451
0.00712665
0.138466
0.00944361
0.130184
0.114157
0.144377
0.158246
0.145021
0.166347
0.158246
0.166347
0.148453
0.148453
0.158246
0.139615
0.145021
0.152181
0.158246
0.159891
0.158246
0.152181
0.145021
0.152181
0.0967276
0.152181
0.0162377
0.152181
0.00354005
0.15581
0.00156165
0.112982
0.00449521
0.0900547
0.00149675
0.0873983
0.00221361
0.097349
0.00121162
0.112969
0.00223883
0.136086
0.0129383
0.159891
0.109521
0.152181
0.145021
0.159891
0.158246
0.152181
0.145021
0.159891
0.145021
0.139615
0.166217
0.159937
0.158246
0.145021
0.166347
0.16628
0.158246
0.16628
0.166347
0.14496
0.145021
0.14496
0.166347
0.158182
0.106411
0.16628
0.0195014
0.149077
0.0012563
0.0786103
0.00136651
0.0376088
0.00215802
0.0229131
0.00209723
0.0233228
0.00119059
0.0358212
0.00355498
0.0785286
0.0193547
0.149076
0.114429
0.14496
0.166347
0.14496
0.145021
0.14496
0.166347
0.14496
0.166347
0.16628
0.158246
0.16628
0.155741
0.136602
