0.00298782
0.0269538
0.00555852
0.000203683
0.000194203
0.000495468
0.00142457
0.000194203
0.000194203
0.000194203
0.00429957
6.56315e-05
0.000203567
0.000264557
0.000186887
0.0313207
0.0075556
0.00012623
0.000189974
0.000569294
0.0659635
0.0420176
0.000198736
0.0045305
0.00255486
0.00242845
0.0355715
0.0119778
0.000298268
0.00274013
0.000725658
0.000176577
0.00147555
0.000241583
0.000407091
0.000705635
0.000540158
0.0170556
0.025369
0.0159251
0.00839327
0.00156097
0.00942684
0.000149265
0.000763777
0.0206965
0.000730763
0.000218751
0.000398701
0.00150247
0.0178249
9.13825e-05
0.00031388
0.000180962
0.00116185
0.000174562
0.000286354
0.000244061
0.00485871
0.00016086
0.000483145
0.000816112
0.00122816
0.000673495
0.000512993
0.000451012
0.00142047
9.55417e-05
0.000848714
0.000795008
0.000924374
0.0232474
0.0186755
0.015228
0.000734964
0.00103214
0.00788481
0.0144164
0.0109148
0.00143672
0.000851129
7.59865e-05
0.000117999
0.000258378
0.000663808
0.0264228
0.0286931
0.000171754
0.000233476
0.000816966
0.000278039
0.000193614
0.0127653
0.00134694
0.00109611
0.0634602
0.000877573
0.0020596
0.01795
0.000412519
0.000371819
0.00641937
0.00032474
0.00106731
0.000194203
0.000123522
0.000483097
0.0041668
0.000191338
0.000537113
0.0251028
0.000258876
0.0159648
0.000448938
0.000200062
0.00017476
0.000194203
0.000194203
6.16106e-05
0.000399693
0.00145262
6.85516e-05
0.0188648
0.000194203
0.000194203
0.000194203
0.000194203
0.000194203
0.000194203
0.0135739
0.00179997
0.00237533
0.000122053
0.0607557
0.000432211
0.0283749
0.0229133
0.00995648
3.16214e-05
6.72787e-05
6.08823e-05
0.00277865
0.000738533
0.000680677
0.000221429
0.000939273
0.00044897
0.00100889
0.000171523
0.000194203
0.00217381
0.000707545
0.000225016
0.000151876
0.00150862
0.00323786
0.00134928
0.00988144
0.000230329
0.00480948
0.0026402
0.000189092
0.000575947
0.000732363
0.000316686
0.000211258
0.00137458
0.000298094
0.00114141
0.00183761
0.00227702
0.0120501
0.015072
0.000388339
0.00368303
0.000101074
0.00297387
0.000495975
0.0454084
0.00142697
0.00131209
0.00103364
0.000998641
0.000582282
0.00145038
0.0139807
0.0179103
0.0048608
0.0171044
0.00105298
0.0012633
0.00101797
0.000839713
0.000798295
0.00014721
0.00194934
0.00357974
0.00523239
0.0184966
0.000475438
0.000959675
0.000301367
0.0025451
7.38158e-05
0.00732027
0.00532007
0.0191777
0.010015
0.000505056
0.0203572
0.0317902
6.3289e-05
0.000704153
0.000131273
0.0061025
0.000847146
0.000194203
0.0027791
0.000244379
0.000177895
0.031891
0.0139871
0.000194203
0.00340017
0.000194203
0.000194203
0.000194203
0.000194203
0.000194203
0.00035665
0.000231712
0.0459312
9.31706e-05
0.000482797
0.00778489
0.000194203
0.230321
0.000194203
0.0189441
0.000423467
0.0406169
0.00744323
0.000132222
0.000179454
0.00804261
0.000859059
0.000106205
0.000320063
0.00163619
0.00116723
0.0346262
0.00339382
0.00302737
0.00210824
0.000381787
0.065149
0.00282779
0.000194203
0.000101412
0.000231461
0.000194203
0.240902
0.000194203
0.00340573
0.00187637
0.000194203
0.0118453
0.000230665
4.37421e-05
0.0203125
0.00521327
0.0136116
0.000194024
0.0280463
0.00159414
0.00174776
0.00318902
0.00330403
0.0114294
0.0169884
0.00118593
9.40198e-05
0.00632729
0.000227286
0.015583
0.000996188
0.00360021
0.000108718
0.000281144
0.00120643
0.0249247
0.0133225
0.000194203
0.012492
0.0122672
0.000194131
0.0041527
0.000194203
0.000238009
0.000194203
0.000477427
0.000606709
0.000226279
0.0203999
0.000657811
0.00214909
6.59157e-05
0.000336859
0.00021298
0.000194203
0.00235621
0.000194203
0.000194203
0.000194203
0.079554
0.000378293
0.000634945
0.00594682
0.000585013
0.000385386
0.0124097
0.000194203
0.00231234
0.000421337
0.00083266
0.00794993
0.0283152
0.0212735
0.000354743
0.00525936
0.0267376
0.0129836
0.000881407
0.00159939
0.0309423
0.000254742
0.000194203
0.000194203
0.4112
0.000194203
0.000194203
0.000194203
0.00143418
0.0135006
0.00491096
0.022921
0.00359691
0.000877715
0.00233234
0.00919119
0.000194203
0.000298303
0.00109844
0.000194203
0.00230321
0.000872638
0.000194203
0.0466835
0.000194203
0.0648127
0.00176568
0.000194203
0.000440586
0.00019409
0.00616834
0.00042582
0.000859939
0.00113352
0.000244745
0.00217222
0.000194203
0.000878568
0.0134242
0.000524742
0.000589195
0.00150716
0.000194203
0.00288328
0.000507686
0.00052172
0.00117816
0.000903863
0.0158107
0.000236745
0.0043177
0.00727277
0.00858032
0.000194203
0.000194203
0.000194203
0.00596183
0.00015747
0.000348773
0.00128839
0.000194203
0.000210067
0.0364721
0.000194203
0.000194203
0.000200744
0.000194203
0.0001939
0.0446775
0.000194203
0.000194203
0.00564448
0.000236145
0.000194203
0.000194203
0.00634184
0.0588151
0.00224283
0.0120198
0.00640565
0.000194203
0.00552499
0.00199083
0.000215816
0.00195784
8.94676e-05
0.000279365
0.000378644
0.000199184
0.000194203
0.0175219
0.000210487
0.000640324
0.000949894
0.000449117
0.0179076
0.00515223
0.000194203
0.000194203
0.000294539
0.0136434
0.00541694
8.44539e-05
0.000194203
0.0344135
0.00308344
0.0181995
0.014085
0.0306699
0.00185193
0.000159649
0.000397033
0.000194203
0.000194203
0.000194203
0.000111315
0.0283319
0.0314493
0.00113996
0.000358648
0.00191981
0.00121293
8.56867e-05
0.000769813
0.000193886
0.000194203
0.000194203
0.000194203
0.000194203
0.00161191
0.000194203
0.00166142
0.0400951
0.00463022
0.000194203
0.000194203
0.000194203
0.0151631
0.0331567
0.00796899
0.000282648
0.000194203
0.000170793
0.000264232
0.000277413
0.000342775
0.0102189
0.000312237
0.0657363
0.0133963
0.0116782
0.00246814
8.33827e-05
0.000188942
0.0241036
0.000286807
0.000194203
0.000194203
0.00121072
0.0153
0.000194203
0.000194203
0.000194203
0.000941893
0.00135241
0.00544878
0.0187296
0.209093
0.00808887
0.00199681
0.00112444
0.000219906
0.00384232
0.000194203
0.000194203
0.00378509
0.000194203
0.000495179
0.00275435
0.015601
0.000315015
0.0034043
0.0151223
0.0329725
0.0261543
0.00656156
0.0018726
0.000194203
0.00561759
0.000194203
0.0165311
0.000194203
0.000194203
0.000194203
0.002082
0.0312431
0.000194203
0.000277366
0.00145791
0.000628067
0.000420795
0.00805759
0.000654678
0.000180962
5.28555e-05
0.000201072
0.00111685
0.0037168
0.000194203
0.0181403
0.00712317
6.67329e-05
0.000337156
0.100445
0.0139493
0.0187418
0.000175292
0.000171332
0.00125189
0.00490403
0.0335105
7.97361e-05
0.00230677
0.0202711
0.000407956
0.000192065
0.0175817
0.00942776
0.000194203
0.00321882
0.0106638
0.00200798
0.0186682
0.000194203
0.00150634
0.000750995
0.000194203
0.000197933
0.0473986
0.0269635
0.000719172
0.0299976
0.00782679
0.000356643
0.0065063
0.000194203
0.00910339
0.000975191
0.0354314
0.0464123
0.000303844
0.00466545
0.000194203
0.000665412
0.0117769
0.00026542
0.000194013
0.0207026
0.000327992
0.00671447
0.0902625
0.000448342
0.000899908
0.00100069
0.00195677
0.00510151
0.00836871
0.000880119
0.00649359
0.00582793
0.00107191
0.000406019
0.00967908
0.00211421
0.028654
0.000526934
0.0083607
0.00927175
0.0111179
0.439262
0.000194203
0.000194203
0.000194203
0.000194062
0.00363721
0.00175468
0.00050732
0.0176436
0.000194203
0.000592661
0.0200886
0.00732542
0.000151345
0.000194203
0.000194203
0.00309415
0.00105309
0.00673954
0.0273768
0.125665
0.00151185
0.000259695
0.000194203
0.000983767
0.000214259
8.64211e-05
0.00254398
0.000502845
0.000504617
0.0860573
0.00630332
0.000194203
0.000194203
0.000194203
0.000194203
0.000194203
0.000451065
0.000194203
0.000404558
0.000135065
0.00124201
0.0170201
0.000194203
0.000310271
0.000997989
0.000194203
0.000194203
0.000194203
0.000194203
0.000194203
0.00145411
0.00150828
0.0014322
0.000448638
0.021308
0.00968881
0.00180703
0.000221299
0.000309769
0.000368823
0.000316221
0.0134476
0.00234185
0.000391916
0.00103078
0.000194203
0.0130294
0.00011973
0.000340952
0.000328102
0.000150516
0.000257587
0.00073487
0.000128624
0.00162834
0.000159054
0.0110071
0.000314799
0.00212202
0.000271942
0.000385769
0.000460844
0.000178396
0.000259357
0.000679056
0.000642141
0.0141684
0.00595251
0.00564611
0.00945104
0.000784991
0.00461969
0.00652755
0.0217136
0.000951746
0.0191222
0.0233535
0.00246516
0.00703458
0.000194203
0.00144734
0.000609066
0.000114913
0.0114043
0.000194203
0.00227738
0.0115456
0.000194203
0.000176003
0.00213169
0.000121445
0.00137305
0.00840986
0.000194203
0.00122288
0.00346197
0.00055114
9.49711e-05
4.9313e-05
0.000216087
0.000194178
0.0255356
0.00041117
0.000200587
0.00115741
0.000718755
0.000686477
0.00021956
0.000498327
0.000226158
0.000312979
0.00223642
0.000106672
0.000347759
0.00154222
0.000126292
0.000194203
0.000111299
0.00230366
0.000194203
0.00486123
0.0249131
0.000194203
0.000156413
0.0012094
0.0124663
0.0186539
0.000739226
0.000122141
0.00613476
0.00513406
8.36503e-05
0.00151537
0.000194203
0.000314742
0.000194203
0.00833795
0.000653784
0.021902
0.000363595
0.000178682
0.0042291
8.39552e-05
0.000173491
0.00265453
0.000194203
0.000309704
0.000345295
0.000242682
0.000114349
0.00270655
0.000194203
0.00209145
0.21211
0.245499
0.0016998
0.000145167
0.00149227
0.000333571
0.00663631
0.000475881
0.00689976
0.000194203
0.000194203
0.000194203
7.1132e-05
0.000208151
0.000194203
0.000236063
0.000577611
0.00015225
0.0488786
0.00309944
0.000604916
0.00571892
0.000194203
0.011637
0.00296471
0.000476395
0.02555
0.000194203
0.000136021
0.00278199
0.000262494
0.00105699
0.000194203
0.000194203
0.000522497
0.00165037
0.00789214
0.00959154
0.00038382
0.00774253
0.000344372
0.000463211
0.0149621
0.00255071
0.0704869
0.0160363
0.00795589
0.0193831
0.022917
0.00033107
0.00302268
0.00179473
0.0809395
0.019909
0.000531471
0.00621643
0.00175413
0.00828278
0.0113079
0.000728377
0.000397269
0.0013146
0.00298205
0.00755468
0.00103097
0.00860573
0.00161443
0.034951
0.00166116
0.042683
0.000194203
0.000462162
0.0428285
0.0508099
0.000421153
0.0141044
0.0131431
0.0079538
0.00323236
0.000761195
0.00821782
0.00679845
0.00749631
0.000694945
0.000658726
9.19358e-05
0.000143136
0.000110082
0.000127583
0.000115336
0.000194203
0.000194203
0.000487342
0.000716767
0.000159113
0.00396528
0.000157705
0.000194203
0.000194203
0.00108755
0.00189321
0.000145231
0.00530822
0.000194203
0.000194203
0.000207509
0.000264111
0.0299868
7.34695e-05
0.000114278
0.000841237
0.000307207
0.000317082
0.000194203
0.00563412
0.0141336
0.000308555
0.00575975
0.000526197
0.000193887
0.00230279
0.00265192
7.35018e-05
0.00413862
0.0388871
0.0318469
0.00089695
0.00463768
0.00691289
0.00800428
0.0130567
0.00376774
0.0362772
0.000365524
0.000478071
0.000892265
0.000194203
0.000194203
0.000194203
0.000194203
0.000196363
0.02497
0.0002729
0.00677964
0.0341646
0.0188493
0.00280063
5.6625e-05
0.000779179
0.000195265
0.000568205
0.00106305
0.000213821
0.000432203
0.00126795
0.0117073
0.000194203
0.011775
0.00303925
0.000194203
0.000237064
0.000194203
0.000194203
0.0151243
0.0338402
7.48919e-05
0.0130243
0.000194203
0.000539699
0.000194203
0.000194203
0.000194203
0.0710298
0.000194203
0.00133164
0.0136837
0.00961433
0.00577366
0.000194203
0.000194203
0.000721723
0.000626013
0.000194203
0.000194203
0.00763411
0.0217634
0.000336913
0.000161422
0.0345196
0.0416371
0.000194203
0.0180493
0.00713387
0.0070957
0.00927147
0.000194203
0.000194203
0.000194203
0.000194203
0.0424864
0.00337963
0.0271414
0.00103662
0.0179915
0.0176247
0.000305075
0.0574949
0.000295786
0.00221774
0.00162517
0.0145778
5.79445e-05
0.00238561
0.0217636
0.00834487
0.0024948
0.00994198
0.00723084
0.234022
0.000378797
0.00247681
0.0217903
0.00671036
0.00289811
0.00046588
0.00345186
0.0013333
0.00286084
0.0015788
0.000370749
0.00663916
0.00782615
0.00352117
0.0149842
0.0096373
0.00319996
0.0258611
0.0313692
0.0128259
0.00191873
0.0140714
0.0280304
0.0181929
0.00072769
0.00386239
0.000984778
0.0530845
0.00033405
0.00302707
0.0103382
0.00071832
0.000276611
0.00102921
0.000194203
0.00404438
0.00014216
0.000229266
0.0101426
0.0194483
0.00232879
0.0119952
0.0232023
0.00437287
0.00249539
0.000402936
0.000266222
0.000194203
0.00410006
0.00738195
0.000322105
0.00219865
0.00126468
0.000829169
0.0937234
0.0162662
0.000231798
0.00126869
0.00320029
0.00121671
0.000551879
0.000128939
0.00381433
0.0100168
0.007101
0.00524357
0.0144974
0.00150924
0.000194203
0.00373592
0.00928513
0.000126159
0.00117782
0.0813832
0.000870741
0.000860071
0.00479937
0.00303756
0.000196582
0.0115233
0.000956124
0.0139321
0.000194203
0.000351983
0.001446
0.000194203
0.000194203
0.000527619
0.00107332
0.00760404
0.00959794
0.000194203
0.000160563
0.000147812
0.00544965
9.71573e-05
0.000203932
0.00022948
0.000285472
0.000194203
0.00214943
0.00027262
0.000189951
0.00356025
0.00398842
0.000450587
0.0006102
0.000194203
0.000194203
0.00033787
0.000559186
0.00556673
0.00650366
0.000194203
0.0113163
0.00663453
5.01679e-05
0.00519508
0.000194203
0.00197847
0.00116998
0.00253421
0.0112684
0.203898
0.00229053
0.00393997
0.0171688
0.00285315
0.00133141
0.00682505
0.00980666
0.000194203
0.00225974
0.00208582
0.00266703
0.00184907
0.00729053
0.00155804
0.000414903
0.000525267
0.0053572
7.49863e-05
0.00165261
0.000685032
7.99981e-05
0.0103388
0.000455106
0.0232464
0.000370436
0.000449948
2.44432e-05
0.00992502
0.000246324
0.000195891
7.71388e-05
0.000287008
0.000458497
0.000295581
0.000282649
0.00332641
0.000131493
0.0132416
0.00104841
0.00214103
0.000562569
0.000495776
0.000188392
0.000194203
0.000107188
0.00239492
0.000619921
0.000156688
9.36565e-05
0.000797555
0.000644985
0.000194203
0.0424639
0.0035347
0.000123921
0.000194203
0.000584489
0.000194203
0.0194353
0.000194203
0.000194203
0.00422412
0.000834932
0.000194203
0.000194203
0.000194203
0.000252908
0.000194203
0.000281216
0.000194203
0.000194203
0.00527307
0.000194203
0.000194203
0.00102752
0.0155115
0.000194203
0.000194203
0.0260398
0.000723506
0.000245887
0.0145083
0.00384493
0.0468248
0.00405375
0.00134954
0.00519488
0.13362
0.000194203
0.000194203
0.011587
0.00375269
0.00293997
0.00612908
0.0300868
0.000482237
0.00108389
0.00155814
0.00079336
0.000194203
0.000194203
0.000147549
0.000281813
0.000363309
0.0153669
0.000284892
0.0114711
0.417133
0.0207535
0.0029254
0.00215721
6.80589e-05
0.000888431
0.000194203
0.000194203
0.000628797
0.00137654
0.000145427
0.00661535
0.000285617
0.0509587
0.000220526
0.0199063
5.22076e-05
0.000270668
0.000259226
0.0192511
7.09546e-05
0.000194203
0.000194203
0.000194203
0.000194203
0.00595058
0.00025234
0.000259446
0.00031803
0.000194203
0.0473868
0.0116042
0.014413
0.00103063
0.00499689
0.0011981
0.00124457
0.00620466
0.000429937
0.0135539
0.0153478
0.0213346
0.0004369
0.00089917
0.00173973
0.0755272
0.000437794
0.00445985
0.000194203
0.000237705
0.0112693
0.0003342
0.00168053
0.00217016
0.065132
0.0167803
0.000257008
0.00467278
0.000194203
0.113762
0.00216135
0.000499762
0.000823063
0.00278968
0.00825462
0.0193703
0.000178438
0.00415452
0.000352684
0.00729599
0.00126838
0.00309215
0.0022106
0.00402427
0.0339338
0.0444971
0.0496461
0.00125837
0.000466989
0.000154564
0.00125631
0.00217306
0.000194203
0.00155362
0.000757531
0.000405128
0.0118196
0.01148
0.00074891
0.000806069
0.000194203
0.00011914
0.0113306
0.000265354
0.000182384
0.00206947
0.00473107
0.0215016
0.0006135
0.0296533
0.000194203
0.000321569
0.000194203
0.0178544
0.0033118
0.0055419
0.0594309
0.0233268
0.0227033
0.00732449
0.0126733
0.00130258
0.000141447
0.0214811
0.000194203
0.0010057
0.0188249
0.0162888
0.00482712
0.0039436
0.000194203
0.00106562
0.0106019
0.014666
0.0214509
0.00533666
0.0133502
0.000194203
0.000754541
0.00167291
0.00797092
0.000341956
0.000562082
0.00360046
0.0633727
0.000194203
0.0015558
0.036692
0.00562324
0.00164526
0.00100957
0.0339369
0.00261665
0.00530601
0.00475317
0.000912605
0.185514
0.000194203
0.00110345
0.00490914
0.000194203
0.00187471
0.0129067
0.000236145
0.00185987
0.00285591
0.00682313
0.00165396
0.00371578
0.0541959
0.0794734
0.000194203
0.00194124
0.0039081
0.0340272
0.000106527
0.0102861
0.000230544
8.99706e-05
0.000101072
0.000987476
0.0169895
0.000194203
0.000194203
0.000194203
0.000483119
0.000143088
0.000214105
0.000609755
0.000129261
0.000352815
5.95166e-05
0.000194146
0.000194203
0.000194203
0.00153125
0.00174383
0.000196064
0.000699165
0.000447394
0.00156744
0.000177077
0.000885248
0.000963082
0.000150184
0.000194203
0.000194203
0.00217699
0.000193977
7.80541e-05
7.97377e-05
0.00574672
0.0145168
0.00020858
0.00337627
0.00020638
0.000194203
0.000136932
0.0288594
0.00792234
0.00859942
0.011453
0.00158807
0.000520132
0.000214106
0.013444
0.000232633
0.000223706
0.0137619
0.00293387
0.000838724
0.0291756
0.000198934
0.00211333
0.000448148
0.0133477
0.000244271
0.00143683
0.000121319
0.00104987
0.00375679
0.00186607
0.00216439
0.0416292
0.01537
0.00144785
0.00448339
0.0180523
0.0289813
0.0153864
0.00986383
0.000510235
0.0156394
0.000194203
0.00126675
0.00524579
0.00546169
0.000685567
0.00132814
0.00501232
0.0521688
0.00209077
0.00119153
0.00169031
0.0153421
0.0171621
0.000312636
0.00200748
0.00234889
0.000194203
0.00579951
0.0319258
0.000194203
0.00208098
0.00435481
0.0018629
0.00539606
0.439441
0.00217931
0.00312005
0.00011871
0.000343157
0.00104794
0.000194203
0.000194203
0.000226184
0.000255412
0.0665128
0.000194203
0.000626914
0.00628683
0.000194203
0.000194203
0.000129814
0.000131045
0.000194203
0.000194203
0.000220847
0.000892131
0.00100533
0.000636518
0.00575661
0.00121399
0.000308808
0.00157734
0.000194203
0.000194203
0.00201073
0.000194203
0.000228928
0.0491054
0.000144699
0.000206203
0.000194203
0.000194256
0.000251488
0.00565946
0.0168712
0.099413
0.0172467
0.0256555
0.205623
0.0684983
0.0602295
0.00182141
0.035074
0.0456341
0.000194203
0.000194203
0.000194203
0.000194203
0.000185489
0.000194203
0.00138643
0.00671384
0.0060281
0.000125365
0.434179
0.00642781
0.0277744
0.0242486
0.0266835
0.000198488
0.0198728
0.0282982
0.137335
0.147952
0.00247517
0.0252044
0.205513
0.00276937
0.0451374
0.000157269
0.000421197
0.000194203
0.000194203
0.047708
