0.00149183
0.00161631
0.0057429
0.0011168
0.00469955
0.000548369
0.0007011
0.000658775
0.00329108
0.000560609
0.0035408
0.000630532
0.00669319
0.00102283
0.0010076
0.0015609
0.00105154
0.0017521
0.000545117
0.00028541
0.0046038
0.0019729
0.00102926
0.000936991
0.00678179
0.00240828
0.0007868
0.00196704
0.0010787
0.00385178
0.00173281
0.000564204
0.00344284
0.000603287
0.00110584
0.000999148
0.00258052
0.00282935
0.000684888
0.00336902
0.000605511
0.00398639
0.00359181
0.00718413
0.00244055
0.00227582
0.000515847
0.00129684
0.00108446
0.00134105
0.00235306
0.000737601
0.000781899
0.00107503
0.00610337
0.00153602
0.000448048
0.0012678
0.00345692
0.00227124
0.0020343
0.0010277
0.00197884
0.00146134
0.000654256
0.000684191
0.00114673
0.00225587
0.000377671
0.000678944
0.000662491
0.00402826
0.00199419
0.00038321
0.00160456
0.00129226
0.000609134
0.00354753
0.00500436
0.00163079
0.00262348
0.00189686
0.00189151
0.00144438
0.000934155
0.000971631
0.00206941
0.00128211
0.00168126
0.00169177
0.000996271
0.00277028
0.00142766
0.00223465
0.000948094
0.00224881
0.000772633
0.000914429
0.006609
0.00107115
0.00147257
0.00196149
0.00109004
0.00118692
0.00167902
0.000588121
0.000804326
0.00285288
0.00210209
0.000928977
0.00147181
0.000496586
0.00225531
0.00121111
0.000718998
0.000483009
0.000536762
0.00176241
0.00295547
0.00505532
0.00086114
0.00267006
0.000991778
0.00121893
0.00137512
0.0014768
0.00268515
0.002225
0.0016675
0.000498269
0.000323841
0.000547495
0.00407185
0.00057225
0.000269569
0.000370473
0.000989488
0.00102577
0.00223734
0.00282259
0.00390734
0.000658531
0.00114838
0.000958808
0.00416769
0.00239434
0.00158723
0.000532681
0.000951996
0.000221153
0.00300196
0.00126036
0.00152993
0.000402333
0.000998467
0.00113371
0.00296132
0.000449623
0.00362272
0.00219029
0.00342466
0.00235944
0.00110913
0.00111412
0.00111538
0.00174893
0.00138766
0.00104758
0.000641904
0.00122754
0.000772773
0.00252879
0.00169846
0.00332318
0.000960985
0.00342782
0.00155343
0.000732528
0.0020686
0.00501355
0.00238913
0.00066735
0.00219031
0.000656331
0.001532
0.00252277
0.000850179
0.000476763
0.00217416
0.00118017
0.00217804
0.000921456
0.00241477
0.000814084
0.000417838
0.00229595
0.00155101
0.000939003
0.00391331
0.000793002
0.00363042
0.00041537
0.00101398
0.000407987
0.00380451
0.000713004
0.00049918
0.000440618
0.000352774
0.000360212
0.00201513
0.000255628
0.000585505
0.00108088
0.00141221
0.00030058
0.00231965
0.000206664
0.000821972
0.000692236
0.00025371
0.00219605
0.000789649
0.00310921
0.00104579
0.000339746
0.00240787
0.00293282
0.00370415
0.00476455
0.000108592
0.00069296
0.00118774
0.00096822
0.00160579
0.00151524
0.00104955
0.000863247
0.000284065
0.00146615
0.000799639
0.000562058
0.000867481
0.00158729
0.0006099
0.00186324
0.00115297
0.00555135
0.00499625
0.000777675
0.00291039
0.00162332
0.000118511
0.00194579
0.00105434
0.00146134
0.00106363
0.00108425
0.000807297
0.00112987
0.0059369
0.0020616
0.00107635
0.00347701
0.00125316
0.000505364
0.00162602
0.00327804
0.00149121
0.00266832
0.0018261
0.000837774
0.000370819
0.00089851
0.000687022
0.000735499
0.00175152
0.00186083
0.00230438
0.00101826
0.00192783
0.000928657
0.00120762
0.00181926
0.000455157
0.0016042
0.00133272
0.00281851
0.00228944
0.00125938
0.000846681
0.00231019
0.00179865
0.00185326
0.000162636
0.000994115
0.000996441
0.000737957
0.00116966
0.00197333
0.00104157
0.000666216
0.000299688
0.0017848
0.000406771
0.000744803
0.00359831
0.00106969
0.00203798
0.00177552
0.00215607
0.00321019
0.00152796
0.00196173
9.21432e-05
0.000459967
0.00114373
0.000105242
0.000235571
0.0019426
0.000789397
0.0029986
0.000118879
0.000932413
0.00102405
0.00220119
0.00539441
0.00404991
0.0007614
0.000224373
0.00103108
0.00231198
0.00179307
0.00164104
0.00114932
0.000916045
0.00015564
0.000167702
0.0024048
0.0031649
0.00487103
0.00151583
0.00333954
0.000376023
0.0012731
0.00262104
0.000787236
0.00166402
0.00243343
0.000416775
0.00316981
0.0051554
0.011022
0.018996
0.00180631
0.000823289
0.0179168
0.000601198
0.000994419
0.0016253
0.00131937
0.00659321
0.00114984
0.00112619
0.00120966
0.00156739
0.000402915
0.00184373
0.000452232
0.0031111
0.000217196
0.00213642
0.00128035
0.00109081
0.00724367
0.00129344
0.00370856
0.00131975
0.00109692
0.00130213
0.00068802
0.00104839
0.00177979
0.000945865
0.000320328
0.000770673
0.000871911
0.00225255
0.000770003
0.00152709
0.00153321
0.000864967
0.000226553
0.00208915
0.000581566
0.00364483
0.00189454
0.000235302
0.00145068
0.00250307
0.00131511
0.00055415
0.00142657
0.00115396
0.000892372
0.00109536
0.000999663
0.00203745
0.00138668
0.00218662
0.000563472
0.000666982
0.00046865
0.00137245
0.00201557
0.00197851
0.000834794
0.00131058
0.00100212
0.00240459
0.00126862
0.000877511
0.00187312
0.000417383
0.000963792
0.00149692
0.00147943
0.00144947
0.00132824
0.000725818
0.00134817
0.00203815
0.00232198
0.00134903
0.000193377
0.00221812
0.00142173
0.000796577
0.0109603
0.00374321
0.000199113
0.00163967
0.000704973
0.000851637
0.000837089
0.00186548
0.000832702
0.000451152
0.00176677
0.00526741
0.000523257
0.000725366
0.00222485
0.00234249
0.00108702
0.00233653
0.00240009
0.000914373
0.000885883
0.00578673
0.00118249
0.000533064
0.000527077
0.00180279
0.000757335
0.000938542
0.00100259
0.00125618
0.00126201
0.0015844
0.000166931
0.00165777
0.000954232
0.000526337
0.00341505
0.00142829
0.00225467
0.00285183
0.000608586
0.00199902
0.00070128
0.00484516
0.00130834
0.00524756
0.00274221
0.00125431
0.000372448
0.002271
0.00105374
0.000619741
0.00399014
0.00102513
0.000517129
0.00270458
0.000645174
0.0590622
0.00112454
0.000347452
0.000554136
0.00132248
0.00121314
0.00431733
0.00115999
0.000424497
0.00107277
0.00076181
0.000896416
0.000845784
0.000404283
0.00108421
0.00183918
0.00134336
0.000536191
0.00146284
0.000680288
0.00092539
0.000955798
0.000512584
0.00161714
0.00179383
0.000885084
0.00112796
0.00200134
0.000472087
0.000354931
0.000797744
0.00372001
0.000484547
0.00124953
0.000202575
0.000958959
0.00171491
0.000478788
0.00274861
0.00170226
0.000130908
0.000682721
0.00534543
0.00107643
0.00110713
0.0011381
0.000421328
0.000408321
0.00352033
0.000769126
0.000557739
0.00169227
0.00067276
0.00115528
0.000552461
0.00304103
0.00228333
0.00126778
0.00253466
0.00166796
0.00168435
0.000284053
0.00190237
0.003532
0.000681984
0.00201893
0.00160855
0.00024782
0.00105346
0.000328719
0.000342024
0.000818398
0.00254125
0.000596568
0.00111499
0.00113269
0.00103479
0.000511225
0.00220711
0.00128544
0.00134991
0.00312169
0.00137915
0.000853461
0.000657628
0.00178439
0.00421866
0.00463371
0.00170969
0.000991303
0.00225108
0.00123612
0.00142515
0.00118415
0.00106849
0.00080502
0.00143353
0.00488082
0.00225553
0.000941642
0.00104802
0.00682206
0.00107988
0.000388465
0.000485524
0.000907733
0.000476939
0.00102285
0.000321726
0.00180954
0.000733325
0.000977943
0.0012272
0.000591105
0.00214109
0.000419671
0.00049984
0.00197215
0.000166053
0.00243149
0.00212204
0.00118397
0.00170632
0.00164864
0.00176467
0.000716532
0.00294112
0.00199428
0.00281923
0.000804323
0.000949402
0.00416345
0.00109194
0.000743538
0.000658549
0.000693235
0.000695989
0.00361301
0.00157402
0.000312814
0
0.00498525
0.000557609
0.00185649
0.000812927
0.000675807
0.000641405
0.00177604
0.000498773
0.000318582
0.00112772
0.00205967
0.00527619
0.0013774
0.00126958
0.00124597
0.000944668
0.0011749
0.000742901
0.00204753
0.00265045
0.000449342
0.00070874
0.0078255
0.00108062
0.000914505
0.00055147
0.00202934
0.00155752
0.00127463
0.00030606
0.00247976
0.00105161
0.00123954
0.00157679
0.00118641
0.00115106
0.00176432
0.00148956
0.00219575
0.00141203
0.00155697
0.00143456
9.93505e-05
0.000656438
0.0027838
0.00266144
0.000928786
0.00100131
0.00109203
0.000722331
0.000847098
0.000440002
0.00218531
9.03595e-05
0.0020309
0.00338009
0.0012494
0.000773539
0.00153601
0.00120456
0.000803966
0.00090259
0.00215317
0.000453124
0.00138798
0.00104211
0.0033052
0.000677491
0.00161819
0.000770002
0.00137793
0.00297254
0.00293757
0.016979
0.00050347
0.00130806
0.000250629
0.0014365
0.0032222
0.00331741
0.000752613
0.00183238
0.00263272
0.00224039
0.000597369
0.00197587
0.0012637
0.0011285
0.000763316
0.00324133
0.000511951
0.000263522
0.00117381
0.00045883
0.00260717
0.00110677
0.000651678
0.00423044
0.00232507
0.00357518
0.00190476
0.00301756
0.000577919
0.000997042
0.0021971
0.000715184
0.00184788
0.00114372
0.000547426
0.00127356
0.001496
0.001357
0.00234553
0.00193284
0.00098372
0.0020053
0.00197592
0.00206265
0.000978698
0.00135609
0.000940642
0.00136287
0.00197857
0.00502645
0.00158777
0.00015044
0.00161268
0.00118288
0.00246128
0.00193404
0.00108284
0.00246712
0.00135848
0.000567569
0.00233225
0.00165169
0.000626092
0.00132673
0.000663045
0.00113386
0.00216592
0.000877005
0.000407447
0.00200193
0.000880178
0.001282
0.00143976
0.000439219
0.000834947
0.000609397
0.00102171
0.000582452
0.00149653
0.00119434
0.000382957
0.00170878
0.0030509
0.00142518
0.00104671
0.00231946
0.000586404
0.00442331
0.000773925
0.00196778
0.00058737
0.00113871
0.00108673
0.00079292
0.000722475
0.00103908
0.00245323
0.00091132
0.000934495
0.00063883
0.00133587
0.00244425
0.000833046
0.00348958
0.000806944
0.00154733
0.00199991
0.00175149
0.00132944
0.0017464
0.00224725
0.00102635
0.00406091
0.000767311
0.00132429
0.000416435
0.00113074
0.00167665
0.0012157
0.000882807
0.00140184
0.000386202
0.0001523
0.000638351
0.000556774
0.00130469
0.000351812
0.00539201
0.00093707
0.0010343
0.000878578
0.00320981
0.00150985
0.000420234
0.00108071
0.00303313
0.00212214
0.000441483
0.000852624
0.00287478
0.00109518
0.0012244
0.00406386
0.000885431
0.00153057
0.00174328
0.00176391
0.000914636
0.000500727
0.0013864
0.00181019
0.00193115
0.00103313
0.00128855
0.00134418
0.000496182
0.00106511
0.00189867
0.0016798
0.00246426
0.000319975
0.00130493
0.00204779
0.000798354
0.000877326
0.00174214
0.0010599
0.00263248
0.000701551
0.00148021
0.00247868
0.00260484
0.000341045
0.00402917
0.000242539
0.000923962
0.00205596
0.000389466
0.00326779
0.000638929
0.00070593
0.000256852
0.00170365
0.00105752
0.0015098
0.00122041
0.00279831
0.00124398
0.00620008
0.00469622
0.00078434
0.000323686
0.000537166
0.0016445
0.00155047
0.000747081
0.00140806
0.00140247
0.000240274
0.000852333
0.00174178
0.00233869
0.00182359
0.00152289
0.000205351
0.00149411
0.000398981
0.00134328
0.00163462
0.00163824
0.000751397
0.000705582
0.00172645
0.000983316
0.0008053
0.00185618
0.000635144
0.000304033
0.00232746
0.000836325
0.000577252
0.000608375
0.00308573
0.00265115
0.00183018
0.00138724
0.00102864
0.00300658
0.000158012
0.00114627
0.000268152
0.00111313
0.00241672
0.00184524
0.000965599
0.00209915
0.000540178
0.000864615
0.000878047
0.00195393
0.00139131
0.00140168
0.00175238
0.000310093
0.000789659
0.00266238
0.00213589
0.00104451
0.00349815
0.00364972
0.00215644
0.00363854
0.00188042
0.000634903
0.000748312
0.00398698
0.000816825
0.00160476
0.000524986
0.000585723
0.00017077
0.000713233
0.00163662
0.000131466
0.00259518
0.000573879
0.00125866
0.000476084
0.00170491
0.00163884
0.00659882
0.00207841
0.00412758
0.00123521
0.00161969
0.000248589
0.00110764
0.00188142
0.00317755
0.00102719
0.00174441
0.00154524
0.000333261
0.000855037
0.00131598
0.00276184
0.00126194
0.000441235
0.000688346
0.000618123
0.000409746
0.00136229
0.00201159
0.00167091
0.00157785
0.000480962
0.00162529
0.00139862
0.00390185
0.00384044
0.000520702
0.00235149
0.000258481
0.00679751
0.00160326
0.00174505
0.00093857
0.00339747
0.00384958
0.00124683
0.00145227
0.000414705
0.00234676
0.00125639
0.00289547
0.00172618
0.000983121
0.00286033
0.00227355
0.000984855
0.000266852
0.00221497
0.00205145
0.00051429
0.00175293
0.000990618
0.0004373
0.00120194
0.00199353
0.0015201
0.00096581
0.00204755
0.000536811
0.000748027
0.000613257
0.000172715
0.000717799
0.000859178
0.00069964
0.000404477
0.000944704
0.00050187
0.00083557
0.000950029
0.00285716
0.00495498
0.00126412
0.000466709
0.000620045
0.000293568
0.000760956
0.000715622
0.00148966
0.00254131
0.00184424
0.00173268
0.00147219
0.000735108
0.00144742
0.000759801
0.00116268
0.00391088
0.000278358
0.000779481
0.00328022
0.000120931
0.00142892
0.00191722
0.00191391
0.00141955
0.00484101
0.00178471
0.000574704
0.00259881
0.000538283
0.00103082
0.00137294
0.000591879
0.00305087
0.00273281
0.000291782
0.000590939
0.00193473
0.00146055
0.00264016
0.0034883
0.00324755
0.00177254
0.000449266
0.00211436
0.00184947
0.001715
0.00103376
0.00116964
0.00077718
0.00059627
0.00205441
0.00171458
0.00101102
0.00135171
0.00167093
0.00091552
0.000654636
0.00085539
0.000972299
0.00178642
0.00149888
0.000409594
0.00182393
0.00119284
0.00304389
0.00192786
0.000554796
0.000913292
0.00129964
0.000627524
0.000311565
0.00615733
0.00116611
0.000422017
0.00237874
0.000799314
0.00173934
0.00033342
0.00116596
0.00138559
0.0011669
0.00120837
0.000505582
0.000635934
0.000726118
0.00191925
0.000221857
0.000269145
0.00160424
0.00125376
0.00155977
0.00210914
0.000728076
0.00186229
0.00104222
0.00116258
0.00143689
0.00199507
0.00121575
0.000762595
0.00210912
0.000300562
0.000627817
0.0022182
0.00276001
0.00250986
0.000371678
0.00117343
0.00350159
0.000813167
0.0022291
0.000966825
0.000354349
0.000890837
0.00216718
0.000996961
0.000665752
0.000589366
0.000247085
0.00226173
0.000645178
0.000771689
0.00122441
0.000821021
0.0020929
0.00140092
0.00240193
0.00170282
0.000707883
0.00195905
0.00277993
0.00383956
0.000670989
0.000439042
0.00252052
0.00137387
0.00219667
0.00031593
0.00254638
0.00113097
0.00104764
0.000515684
0.00088476
0.000877226
0.000341627
0.000699997
0.00126496
0.0018452
0.000713099
0.000528997
0.000693541
0.00105961
0.000809046
0.00167617
0.000309856
0.00246092
0.00184199
0.00145626
0.00017606
0.000990032
0.00137129
0.00104297
0.00012668
0.00167653
0.00444248
0.00457692
0.00012651
0.0010042
0.000587695
0.000397394
0.000915781
0.00328515
0.00212247
0.000450961
0.00115344
0.000243991
0.00107186
0.00180339
0.00141193
0.00107029
0.00165476
0.000525632
0.00115525
0.00165727
0.00208955
0.000356065
0.000564532
0.00201293
0.000932071
0.00113752
0.00142115
0.00117456
0.00152259
0.00224096
0.000414205
0.0021082
0.000914429
0.00216772
0.00027334
0.000240658
0.000632298
0.0016308
0.00120202
0.00157622
0.00105648
0.00124457
0.00464382
0.00131504
0.000784115
0.000463804
0.000676052
0.000548578
0.0016753
0.00324176
0.00252233
0.00266443
0.00161906
0.000616021
0.00132135
0.0014491
0.00509655
0.000986537
0.00229025
0.00303814
0.00106146
0.000561088
0.00156471
0.000522893
0.000442942
0.000383923
0.00289087
0.00117997
0.00163612
0.00236529
0.000673435
0.00390446
0.00210082
0.00144535
0.00126598
0.00557872
0.000996394
0.00110223
0.000675537
0.000278833
0.00203137
0.000346022
0.00101142
0.000446775
0.000594301
0.00109994
0.00174675
0.00132479
0.00127777
0.001741
0.000641203
0.0012916
0.0003423
0.00153504
0.00187098
0.00232701
0.0011585
0.000185183
0.00138862
0.00115138
0.000754842
0.00153088
0.00365726
0.00148235
0.00129807
0.000760434
0.00191108
0.00138646
0.000451483
0.000799566
0.000688268
0.000487505
0.00113179
0.00154497
0.000753158
0.00132591
0.00221058
0.000306189
0.00164489
8.64704e-05
0.00102215
0.00149314
0.00306161
0.00131171
0.00110381
0.00200653
0.000305345
0.00122394
0.00160212
0.0028331
0.000415659
0.0011605
0.000229257
0.000509596
0.00190557
0.00439879
0.00066156
0.00113385
0.000896389
0.001344
0.00315682
0.0016401
0.00183237
0.00155036
0.000131301
0.00162163
0.000628646
0.00304038
8.18163e-05
0.00150718
0.000313657
0.000591201
0.000174657
0.000798127
0.00159746
0.000365122
0.00156361
0.00155211
0.0012266
0.00227209
0.000225818
0.00129416
0.000904038
0.000213398
0.00134348
0.000790838
0.00103016
0.00189926
0.000116913
0.00210482
0.000387462
0.000617822
0.00125848
9.69612e-05
0.000583731
0.00018876
0.000724861
0.000472718
0.00127044
0.00132571
0.00194503
0.00113639
0.000793632
0.00114276
0.00153567
0.000487248
0.00264007
0.000324518
0.000689336
0.000602658
0.00164292
0.00212164
0.000113518
0.00201534
0.000670475
0.000170112
0.00162015
0.00103423
0.00063428
0.00145776
0.00156992
0.000464023
0.000441251
0.000426693
0.000695909
0.0085137
0.00209759
0.00254773
0.000972939
0.00336353
0.000595107
0.00125301
0.000665231
0.000259805
0.000929391
0.00103179
0.00106631
0.000701406
0.000624951
0.000792707
0.00358262
0.00163186
0.0019712
0.00049651
0.00151951
0.000905345
0.00221741
0.0010819
0.000671087
0.00223165
0.000418561
0.00122853
0.00175383
0.00262493
0.00125024
0.00324239
0.00188704
0.000697328
0.00300217
0.00166382
0.000935164
0.0021955
0.00247871
0.00249408
0.000399676
0.00050789
0.00170877
0.000318365
0.00151238
0.00358143
0.000676433
0.00144296
0.00171264
0.00229494
0.00345346
0.00127466
0.000277256
0.00160582
0.000779588
0.00201324
0.00202543
0.00187786
0.000807317
0.000908133
0.00207345
0.000974392
0.000458139
0.000378107
0.00035646
0.00125082
0.000895253
0.0011405
0.0016016
0.00363346
0.001963
0.000531057
0.0100541
0.00143296
0.00139121
0.00222913
0.00264181
0.00240389
0.00129076
0.0010488
0.00289071
0.00266659
0.00104119
0.0016056
0.000441148
0.000470466
0.000853361
0.00137002
0.00217492
0.00125645
0.00199115
0.00196751
0.000747232
0.00186814
0.00281962
0.000580488
0.00123959
0.0011287
0.000787086
0.0010317
0.000448629
0.00137196
0.00107419
0.000884602
0.00021676
0.00298608
0.000951802
0.000547827
0.000732036
0.00136001
0.0033576
0.00254026
0.000587322
0.000356761
0.00217322
0.00103958
0.000286881
0.000539612
