0
0.0291556
0.0243124
0
0.0427461
0.00308421
0.0142747
0.0133555
0
0
0
0
0
0.00529517
0.000170852
3.38298e-05
0
0
0.0164309
7.27843e-05
0.00294429
8.28508e-05
5.16545e-05
5.21718e-05
6.75041e-05
4.70511e-05
3.36058e-05
0.0289205
0.00915353
0.152921
0
0
0
0
0.000411167
0.0235932
0.0153552
0.018371
7.46475e-05
8.95555e-05
0.0103696
5.46627e-05
0.000216065
0
0
0.00481898
0.000138621
0.000157529
0.0121054
0.0173498
9.257e-05
3.85991e-05
0.0170495
6.97283e-05
0.00075581
5.85109e-05
5.66047e-05
0.000140513
4.67066e-05
0.0182065
0.0410374
0.0441919
2.71926e-05
5.78877e-05
7.30304e-05
4.48716e-05
0.00156779
0.0337595
0.000205956
0.0157445
0.00831718
0.0151795
9.55934e-05
0.0168846
0.000109073
0.0182829
0.00815991
0.000282965
0.000192881
0.0170759
0.0403834
2.18767e-05
3.68255e-05
0.000162139
0.0213206
0.0151063
6.52179e-05
0.00265028
0.000710864
0.0173214
4.11046e-05
0.0115666
7.97076e-05
2.0099e-05
2.34242e-05
2.84154e-05
0.000293098
0.0107428
7.28168e-05
0.0184455
0.00185006
0.00872535
0.0219813
0.0113141
0.0224967
0.0191587
6.86911e-05
0.00621914
5.81917e-05
0.0242957
1.57625e-05
3.12457e-05
4.03008e-05
1.81156e-05
0.0108997
0.000606544
0.000166075
0.000932204
0.0218735
0.00467102
0.000209419
0.00523227
0.00171555
0.0109273
0.0157988
0.000407199
3.52611e-05
2.28914e-05
0.0423675
1.55557e-05
2.03638e-05
1.97691e-05
0.0137179
0.010577
7.94682e-05
4.26441e-05
0.00758668
8.22762e-05
0.00218799
0.00681222
0.0067991
0.0165715
0.000118473
0.0114401
0.00354982
1.94038e-05
1.73059e-05
1.92376e-05
3.13796e-05
0.000133284
4.93393e-05
0.000855393
0.000804934
0.0140493
0.00686616
0.00837965
0.0113385
0.00784979
0.00988937
0.0199728
0.0183497
0.00149089
0.000154448
0.000300821
0.000114163
0.00588439
2.84474e-05
6.91056e-05
2.00408e-05
3.09502e-05
0.0427875
0.0373648
2.31991e-05
3.95376e-05
0.0093563
0.0111927
0.0166334
0.0201455
0.0249156
0.00028536
3.04657e-05
0.0526085
3.15838e-05
1.99597e-05
4.89638e-05
0.00332433
0.0118451
0.00012438
5.96476e-05
0.0146835
0.0194404
0.0218228
4.90863e-05
0.0128766
0.0167212
0.0216231
1.50828e-05
4.30814e-05
3.82681e-05
0.00663605
7.55849e-05
0.0186905
0.000106787
0.0172717
6.51672e-05
0.000140715
0.0131489
0.00929008
0.00131504
4.9796e-05
7.06307e-05
7.19107e-05
0.0136727
3.6963e-05
3.58633e-05
0.0427452
3.48014e-05
0.000909488
0.0133912
0.0136956
0.00665299
0.0215227
0.00640141
0.0201619
0.0141284
0.00950661
0.000177304
0.000124723
3.41954e-05
2.0328e-05
0
0.032592
0.0126629
2.64033e-05
9.97797e-05
1.8921e-05
3.41881e-05
0.0128713
0.0125925
0.00686911
0.0119021
6.32074e-05
0.0179833
0.000187386
0.0114467
2.53437e-05
0.000140971
0.0154833
0.00435045
0.00094196
0.0257517
0.012742
9.72426e-05
0.0011492
5.99364e-05
0.0002158
0.00451603
0.0149282
0.0023683
0.000230015
0.000162234
0.0200733
0
0.00085865
3.34899e-05
6.99617e-05
4.56833e-05
0.0176346
0.000135734
0.0303123
0.000942856
0.000254242
0.0287461
0.00399146
0.000546642
0.000178636
2.97338e-05
3.46614e-05
0.00110503
0.00902143
0
0
0
0.00044062
0.0178318
3.91862e-05
0.00013186
0.00010509
1.81706e-05
0.00748223
4.35898e-05
6.40021e-05
0.0339561
0
0.0429832
0.00225296
0.0181558
0.0175546
8.96856e-05
0.017228
0.0166944
0.0113066
0.00551278
0
0
0.0731838
0.0474966
0.000455523
0.032316
0.0351524
1.60605e-05
2.12185e-05
3.17397e-05
0
0.0409615
0
0.0314609
0.000214644
0
0
0.0397566
2.22669e-05
0.0339141
2.03012e-05
1.85703e-05
1.62728e-05
0.0510915
0.00796028
0
0
0
0
0
0
1.21789e-05
0.000177773
0
0.000657805
0.0110418
0.0113991
7.73311e-05
3.38742e-05
0.00430637
3.13677e-05
0.0117953
4.08971e-05
0.000374345
0.0484788
0
0
0
0
0
0
0
0
0
0
0.0182555
0.0289769
2.95017e-05
0.000374039
0.0249976
0.000137428
0.0251434
0.0129685
9.76475e-05
0.00675445
0.00751188
5.78093e-05
0.00616568
3.96207e-05
0.00652949
8.33035e-05
3.04887e-05
0.0172676
0.00033936
0.00190774
0.000282275
7.77775e-05
4.30581e-05
0.000558464
0.000214322
0.14217
0.016924
0
0
0
0.0370626
5.03377e-05
4.20294e-05
0
8.35954e-05
2.91819e-05
7.06454e-05
0.0059121
2.92127e-05
0.00550518
0.00628909
0.0182401
0.001089
0.000658572
3.6081e-05
0.0248646
0.00048592
0.000164192
5.02474e-05
0.0154835
0.0155875
0.00518391
6.21806e-05
0.00467601
5.83243e-05
0.000334426
0.0112132
4.98841e-05
0.000181813
0.000168217
3.01484e-05
0.000167001
0.000146771
0.0410162
0.0839012
0.00270454
0.0122831
0
0.0125107
3.81574e-05
0.0282488
2.17309e-05
3.22755e-05
0.0173992
2.43179e-05
1.52653e-05
9.32709e-05
2.69777e-05
0.0133712
0.00507528
0.0147734
0.00019221
8.5472e-05
0.0090059
0.00242717
0.000159136
9.44193e-05
0.00033792
0.00542746
0.0172597
0.00927493
0.0206549
0.00817483
5.04515e-05
0.0107244
0.0220877
0.018739
4.99699e-05
0.000116055
0.0133978
0.00757372
3.63961e-05
0
4.47561e-05
0
0.0164668
0.0194183
1.41064e-05
1.50902e-05
0.016294
2.00364e-05
1.39252e-05
1.8132e-05
2.52117e-05
2.54377e-05
3.34974e-05
3.64575e-05
0.0101314
0.000727676
0.000264007
5.23266e-05
6.75184e-05
0.0149195
6.91286e-05
0.0119648
0.00264362
0.000114508
0.000297992
0.015396
0.00853305
0.00880715
0.012768
0.00106067
0.0102981
5.62578e-05
6.65633e-05
5.08116e-05
0.00182845
0.0207738
8.20565e-05
0.000371602
0.000303567
3.49764e-05
0.0076709
0.0128205
8.11204e-05
0
5.40402e-05
0.0103046
0.0370541
0.0227058
6.11683e-05
2.45241e-05
2.05373e-05
3.71809e-05
2.05067e-05
4.68911e-05
3.76221e-05
2.09025e-05
0.000828907
0.00431003
0.0108061
0.000764671
0.00828557
0.00560971
0.00681802
0.00345517
0.0109301
0.0264373
0.000318665
0.00892931
0.0122315
0.0230364
0.000258973
3.7944e-05
0.000255089
0.000145608
0.00342526
0.00936979
1.88953e-05
4.69152e-05
0.00060486
0.108324
2.88242e-05
2.01568e-05
0.000577289
2.00107e-05
2.27372e-05
1.68141e-05
1.9459e-05
3.0759e-05
0.000824529
9.01573e-05
0.00018376
0.012095
0.0151383
0.00010006
0.00566681
0.0152526
0.00826497
0.0179118
0.0155946
0.0100888
0.00380405
0.00208893
4.13902e-05
5.28528e-05
0.015545
6.23063e-05
0.0183687
0.0107992
0.0127081
0.0199735
0.000135425
0.000129166
0.00617393
4.32102e-05
3.86395e-05
2.04861e-05
0.00740454
3.00349e-05
2.3403e-05
0.0530586
0
1.21835e-05
2.44308e-05
2.22661e-05
2.01877e-05
1.27182e-05
2.86e-05
0.0132517
5.05803e-05
0.00697979
6.00902e-05
6.905e-05
4.09083e-05
0.024882
0.0193945
0.0140045
0.0146615
0.0116107
0.0115807
0.0129271
0.0229469
0.00847188
0.0152605
0.0248598
0.000128099
5.79782e-05
0.0139151
6.25625e-05
0.00702637
0.000308327
0.0166775
2.11606e-05
0.00530627
3.0263e-05
2.5298e-05
0.000104973
6.35976e-05
0.0184498
0.00103648
0.000862568
0.0196738
9.74272e-05
0.00403755
0.000263895
0.0118433
0.0300797
0.00159317
0.000800725
0.0279304
0.000320731
0.0188997
0.0247188
5.92409e-05
0.000616045
4.8136e-05
0.0165903
0.000102292
9.02315e-05
0.00849294
0.00555954
0.000140856
0.000321399
0.000443361
3.6645e-05
0.000130295
0.000115383
2.78227e-05
0.0184151
0.0147543
0.0176622
0.0131122
0.0228853
0.00967221
0
0.00144813
0.00562011
0.0140918
0.0335854
0.000230584
0.0117057
0.00628451
0.00783103
0.0113013
0.000135312
0.00240582
0.0122474
0.0143119
0.000114885
0.00264864
0.00224841
0.000151796
0.0236857
0.000590463
0.000260236
0.000967446
0
0
0
0
0
0
0
0
0.0331707
0.169479
0
0.00364309
0.041845
0.0221332
4.78063e-05
1.73196e-05
4.29813e-05
0.0320357
3.69218e-05
2.34975e-05
1.556e-05
4.12443e-05
1.72884e-05
3.30222e-05
1.61136e-05
0.0317016
4.52538e-05
2.3404e-05
0.163318
0.104162
0.037792
0.0265749
0.00657813
0
0.00682605
0
0
0
0.00577795
0
0.0104859
0.0366911
2.94071e-05
0.0495027
0.000335337
0.000288036
0.0262602
0.000531222
0.0127348
0
0.000310384
0.0165178
0.0022822
0.107118
0.000110269
0.000633065
0.000108568
0.00224314
0.000774227
0.00879583
0.0183019
1.83193e-05
0.0097027
0.0160193
0.0132164
0.00955623
9.02806e-05
0.00417797
0.000138038
5.57565e-05
8.21605e-05
3.63885e-05
0.0134911
0.00268674
0.00122372
6.58702e-05
0.00996727
0.0106716
0.0221198
0.00320089
0.00234547
0.000156143
0.00398487
3.72925e-05
0.00787251
0.000542009
0.0213766
0.0101163
0.000328777
0.0038618
8.51366e-05
3.7526e-05
2.9854e-05
0.00903694
0.00178204
0.00294742
0
0
6.23113e-05
1.72273e-05
0
0.0148465
0.000110026
0.0513229
0
0
0
0
0.0225484
0.0348761
0.000410926
0
0
0.00403917
0.00206477
0.0124925
0
0
0
0
0.0219355
0.00130168
0.000175178
0.0136701
0.0166537
0.00974257
0
0
0.0407956
0.024083
0.0180516
0.00714072
3.10736e-05
0.00970622
0.00791792
0.00583339
0.0144764
0.0434195
0
0
0.0149687
0.000111262
0.0160519
0.00622865
0.0119714
0.00190732
0.0163473
0.0054612
0.000551599
0.00628115
0.0136857
0.0347907
0.00483933
4.8402e-05
3.36265e-05
0.000146436
5.49811e-05
8.25641e-05
0.000100947
0.00772949
2.05504e-05
4.0232e-05
0.000155829
0.0214535
9.84894e-05
0.000116955
8.03034e-05
0.00252311
0.000150583
0.0275312
0.0296204
1.47276e-05
0.0221379
0.0157932
6.66216e-05
0.0070099
0.00726792
0.0181261
0
0.00029924
0.00745209
0.0221379
3.92376e-05
4.46522e-05
0.000158224
0.000691263
0
0.0168804
0.0072622
0.0291524
0.0250834
0.0039495
0.0142251
3.53199e-05
0.0169861
0.00023046
0.111463
0
0.00157395
0
0
0.00652063
0.0372001
3.89631e-05
0
0
0.00637264
0.0166758
0
0
0
0
0.0234925
0
0.0104325
0
0
0.00944274
0.00305714
0.00820964
0
0
4.1639e-05
5.36639e-05
1.82226e-05
0.000142503
3.69401e-05
0.00971653
0.0105566
4.34667e-05
0.000173565
0.0207975
0.000126815
0.0159786
0.0143172
0.00571563
8.26262e-05
0.0010106
1.80529e-05
1.16057e-05
0.0112918
0.000491564
0.0147704
0.0167284
1.97547e-05
4.35623e-05
0.0116353
0.000118993
0.0125726
5.66123e-05
0.0231353
0.0431064
0.000167289
7.53188e-05
4.41062e-05
1.55862e-05
1.33181e-05
0.0239964
5.00891e-05
0.0581817
0
0.000856776
0
0.0295064
0.000272198
0.0115344
0.00018469
0.0119273
0.00080377
0
0.000101912
0.00792013
0
0
0
3.60957e-05
0.0295839
1.4705e-05
0.0432977
0.0432169
0.0071847
0
0.0362353
0.0114261
6.57545e-05
0.0188111
0.0150085
6.67736e-05
2.24275e-05
8.59968e-05
6.24581e-05
0.00044067
0
0
0
0
0.000518074
0.0180037
0.0313271
0.0178476
0.0388226
0
3.9794e-05
0.0021558
0.000241676
0.00317741
2.81094e-05
1.66386e-05
0.0115046
0.021572
0.000135952
0.00728096
0.011275
9.15034e-05
0.00807504
0.0139986
0.00220676
0.0174282
0.00917248
0.0252644
0.000428115
0.00914728
1.74524e-05
2.51423e-05
0.000233804
0.00297512
0.0461814
0.00040628
0.0019967
0.015763
0.0170209
0.00465976
0
0
0
0
0.0194296
0
0.116106
0
0
0
0
0
0
0
0
0.0135886
0.016726
0.000286646
0.0193089
0.0334683
1.77074e-05
0.0196541
0.0204854
0.0120637
0.0089146
0.00651565
0.0156371
0.00769198
5.29986e-05
0.0123881
0.0156257
0.0132332
7.02076e-05
0.000151267
8.14719e-05
4.67683e-05
0.00328238
0.0231148
0.00489669
8.95783e-05
0.00190712
0.0027513
5.31975e-05
3.72552e-05
0
0.0121701
8.9629e-05
0.00899454
3.62895e-05
0
0
0
1.86862e-05
0
0
0
0.00226654
0.0282178
0.0241721
0
0
0.0134662
0
0
0.00984685
0.00846214
0.00612643
0
0.0111383
0
0
0
0.00192895
0.000135778
0.00672769
0.000252843
0
0.00226917
0.00908063
1.57993e-05
0
0
0
0
4.51659e-05
3.61889e-05
0.0212636
1.70064e-05
0.0114567
0.00429911
9.85129e-06
1.86201e-05
0.00512395
0.0108074
0.0198163
0
0.000941274
0.0154025
2.27848e-06
0
0.0102507
0.0115326
0.0158639
0.00014155
0
5.10807e-05
0
0
0.00010085
0.0104454
0.0199246
0
0.0146451
0.0213138
0
7.91185e-05
6.96071e-05
0.0261037
0
0.00160219
0.0204113
0
0
0
3.09815e-05
0.0164386
0.0386382
0.00978377
0
0
0.0385838
0.0207723
0.0364376
0.00301364
0.00028311
6.54934e-05
0.000182389
4.74797e-05
0.00988752
0.00518361
0.0253545
0.00938176
0.00852227
0.00949329
0.0165312
2.60035e-05
0.0118272
0.000606291
0.00162283
0.00012852
0
0
0
0
0
0
0
0.0173055
0.000136691
0.014942
0.0168099
0.00945697
0.000296645
0.00923067
0.022419
0.0303784
0.0104304
0.0133268
0.00506449
0.00548511
1.87258e-05
0.0198531
7.62363e-05
0
0
0.126926
0
0.0350638
0.0220249
9.92782e-05
0.0197915
0.000188684
5.46517e-05
0.000226525
4.01607e-05
0
0
0
0.0266874
0
0.000304945
0.000429285
0.0147475
0.000255713
0
0
0
0
0
0
7.13056e-05
0.0102085
0.0304294
0
0.0058224
0.0171222
0.0245527
0
0
0
0.0119595
0.020579
0.000430152
0
0.0314231
0.00114063
3.19588e-05
0.0138507
0.0330602
0.0289507
0.016611
0.000134595
0.0358885
0.0199525
0.00955751
0.0233633
0.0130273
0.013921
0.0050441
0
0.000565132
0.000296615
4.35121e-05
0.00656256
9.40866e-05
0.00957382
8.4851e-05
5.79868e-05
2.53375e-05
0.00017614
0.000372747
0
0.00772163
1.88854e-05
2.42733e-05
0.0101871
5.12079e-05
9.19069e-05
0.000112692
8.26663e-05
6.54088e-05
2.57288e-05
0.000190699
0
0.000224542
0.00740267
0.00657216
0
0.0333013
0.0391984
0.0124991
0
3.09608e-05
0.0325637
0.00737523
0.0334656
0.018249
0.0156339
2.00457e-05
0.000104347
0.0126018
0.0224612
0
0
0.0220858
0.0103274
0.019944
0.0437536
0.00733365
0
0
0
0
0
3.07378e-05
3.9101e-05
0.00755669
0.0184371
7.94521e-05
0.0102067
0.0388335
0
0
0.00618018
0.030111
0.000283077
0.00121605
0.00462393
0.0127619
0.0200877
0.0112537
0.0148748
0.0226046
0.0319816
0
0.0244067
0.0246351
0
0.012188
0.0162565
0.00884392
0.000108296
0.0416848
0.0129743
0
0
0
0
0
0.0164397
0.129938
0.018657
0.0254421
2.9476e-05
0.0382703
0.0464552
0
0
0.0431407
0.000394194
0.000240245
0.0135781
0.000166645
0.0368035
1.46506e-05
0.0107711
0
0.0123171
4.01561e-05
0.00691255
0.013485
0.0243336
0.0218866
0.00885779
0.000193221
0.00025884
0.000696164
0.134299
0.0050876
0.000104959
4.32597e-05
8.15834e-05
4.31003e-05
0.0484942
0.0243356
0
0
0.00011421
9.87937e-05
0.0174296
3.68083e-05
0.00036229
4.45418e-05
3.11092e-05
0.000652714
0.00166084
0.00627575
0
2.10812e-05
0.00140835
0.0455943
0
0
0
0
5.48229e-05
0.000111173
0.00977129
0.0232637
0.000291563
0.00015995
0.0185797
7.79918e-05
0.0137954
9.53012e-05
0.000584702
0.00752106
0
0
0
0.00046071
0.0249505
0
0.014194
0.0434394
0
0.0409685
0
0.00953376
0.0201615
3.59611e-05
1.80732e-05
0.000113623
9.77791e-05
0.0764176
0
0.0552927
0.0020848
0
0.0254767
0.0186769
0.00184359
0.00961325
0.000554796
0
0
0.0122428
3.28345e-05
0.0149049
0.0216808
0.00472862
0.0175036
0
0.00685352
0
0
0
0
0
0.0251057
0
0
0.0613168
0
0
9.14926e-05
0.0465982
0.0006602
3.99924e-05
0.0136348
0.000994666
0.000103564
0.0301993
0
0
0.000771847
0.016984
0.0164288
0
0.0161675
0
5.59579e-05
0.0456774
0
0.00811428
0
0.000711082
2.59235e-05
0.00583619
0.0310924
0.0121546
0.0326148
4.92441e-05
2.36576e-05
0.0449157
5.06662e-05
4.69435e-05
2.52459e-05
0
0.00652033
0.0070708
0
0.0309281
0.0350636
0.00013797
0.0335171
0.0106389
0
8.32685e-05
3.57098e-05
0.000153772
0.0171051
0.000125212
0
0.00953175
3.62993e-05
2.04072e-05
0.00133427
4.78389e-05
6.05348e-05
0.000258869
6.12555e-05
0.000200832
2.67983e-05
0.0406298
0
0
1.64344e-05
0.000502629
0
0.00277569
0.00208132
0.00013992
0.0227729
2.69846e-05
0.000396355
0.000137826
0.111592
0.000272649
0.000390493
0.0215721
0.0169668
0
0
0
0.000192561
0.00402678
0
0
0.000136818
5.95974e-05
7.09375e-05
0.04339
0.00809855
0.00126243
0.0130578
0.0151151
0.0015258
0.0233698
0.228818
0
0
0
0.000112878
0.0267898
0
0.0267779
0.028483
0.000629883
0
1.45927e-05
0
0.0111041
0.00874257
0.015008
0.00626981
4.29965e-05
8.8467e-05
0.0323977
0.0219043
0.0086923
0.0200906
0.000582188
0.00227126
6.12048e-05
0.0116774
0.00027952
0.000983432
0
0.00598969
0.0496552
0.00509907
0.0225154
0
0.0343051
0.0119014
0.0112105
0.027643
0.000227359
0.00399311
0.0133633
0.0153781
0.0129191
0.0750503
0.00764498
0.0316952
4.07344e-05
0.00661934
0.0235359
0
0
0
0
0.00811361
0.00429384
0
0
0.0203765
0.0117729
0.0143391
0
0.0180524
0.00370465
0.0477884
0.00934471
0
0
0
0.000198199
0.0134759
0
0
0
0.0226363
0
0.00618193
0.00917828
0.0118383
0.0382668
0.00536439
0
0
0.0321153
