0
0
0
0
0
0
0
0
0
0.00484938
0
0.0337008
0.000590833
0.0225917
0.0347889
0.0204715
0.0504672
0.0177105
0.0309221
0.0173369
0.0182657
0.0177253
0.0308075
0.0179467
0.048892
0.0180425
0.0335103
0.0174342
0.000563813
0.0204299
0
0.117098
0
0.023714
0
0
0
0
0
0
6.91787e-05
6.91787e-05
0
0
0
0
0
0
0
0
0
0
0
0.00520826
0.00107379
0.0469836
0.0480762
0.0125375
0.0269405
0.00591866
0.00572226
0.0048972
0.000612518
0.0057357
0.000600576
0.00571642
0.00560451
0.00653918
0.0260271
0.00655391
0.0494364
0.00588507
0.00102419
0.0706863
0
0.0258866
0
0
0
0
0
0
0
0
0.0207494
0.0207494
0
0
0
0
0
0.0115519
0
0.0025625
0.0293476
0.0138644
0.0223614
0.0310845
0.0189106
0.000528797
0.00579213
0.000143354
0.00401255
9.49096e-05
0.00498257
7.12455e-05
0.00422736
4.64766e-05
0.00444057
5.47954e-05
0.00592062
5.23432e-05
0.00575486
7.22957e-05
0.00445284
0.000341532
0.0106606
7.46739e-05
0.128845
4.87417e-05
0
0.0188159
0
0.00967479
0
0
6.91787e-05
6.91787e-05
0
0
0
0
0
0
0
0.0294781
0.0437342
0.00117122
0.00906217
0.0365733
0.0191748
0.015929
0.0283075
0.000483219
0.0180763
0.000154405
0.018089
0.000134278
0.0169022
9.51244e-05
0.0164092
8.50919e-05
0.0167313
0.000110923
0.0179206
0.000127882
0.0188267
0.000129477
0.0205236
0.000570577
0.0265977
5.27906e-05
0.155873
0.0325564
0
0.0334354
0
0
0
0
0.0207494
0.0207494
0
0
0
0.0346164
0.047914
6.93911e-05
3.13292e-05
9.43979e-05
0.0237449
0.0196959
0.00600856
0.00185281
0.000575328
0.00295032
0.000325028
0.0221131
0.00041158
0.0135353
0.000729613
0.0115339
0.00110974
0.0128867
0.0016895
0.0137272
0.00227288
0.00833752
0.00320237
0.00707403
0.00317322
0.0236425
6.88246e-05
0.000498536
7.12166e-05
0.000100134
0.0214571
0.0197268
0.0497907
0.00230143
0
0.0360637
6.91787e-05
6.91787e-05
0
0
0
0
0.0289306
0.035556
3.78027e-05
4.46734e-05
7.07024e-05
9.627e-05
0.0202129
0.0187417
5.49262e-05
0.000266039
0.00130388
0.03764
0.00342945
0.0264793
0.00802653
0.0260928
0.0125139
0.0244817
0.0154407
0.0238867
0.0183697
0.0260128
0.0214464
0.0287543
0.0258439
0.0324851
0.00723511
0.03161
0.000112776
0.000223084
0.000120203
0.000191633
0.0205767
0.0183157
0.0296426
0.037722
0
0
0.0207494
0.0207494
0
0.00974751
0.0369468
2.11949e-05
2.99671e-05
3.15044e-05
3.69843e-05
3.18008e-05
0.0181719
0.0159001
0.00163465
0.00269572
0.00204895
0.00178047
0.0108167
0.0180565
6.35347e-05
0.00686014
0.0136146
0.0135141
0.0106286
0.0172175
0.0119812
0.0178327
0.0124317
0.0126395
4.91226e-05
0.010461
0.0165128
0.0164711
0.000322287
0.00128256
3.29369e-05
4.98758e-05
0.0173828
0.0143182
0.0024317
0.00315298
0.0379924
2.9012e-05
6.91787e-05
0.00969897
0
0
0.0283302
0.0452136
1.9791e-05
2.18191e-05
2.64335e-05
2.83984e-05
0.000106617
0.000142829
0.0131266
0.0118504
9.29167e-05
8.5766e-05
0.016541
0.0160753
5.4098e-05
0.0226935
0.0156673
0.0093298
0.012174
0.018584
0.00934284
0.0189795
0.0123906
0.0211679
0.0155839
0.0120177
0.000105589
0.0220151
0.0196937
0.0198893
0.000100281
0.00010708
0.000193124
0.000181968
0.0142629
0.012177
3.7531e-05
4.37351e-05
0.0288102
0.0460259
0.0207494
0.0207494
0.024337
0.0456637
1.49944e-05
2.62758e-05
2.38166e-05
3.26685e-05
2.42608e-05
4.48194e-05
0.0150053
0.0135536
0.00289018
0.00342762
0.00161369
0.000617943
0.0127829
0.0120591
0.0070342
0.00965435
0.011316
0.0117171
0.011115
0.0105944
0.0129222
0.00976103
0.0141603
0.0102735
9.71348e-05
0.0114292
0.0206731
0.00705717
0.00122223
0.00192806
3.92745e-05
9.16458e-05
0.0140358
0.0132452
0.00317479
0.0039911
2.62468e-05
5.16068e-05
0.0243425
0.0449871
0
0
0.00362169
0.0019925
1.8294e-05
1.37852e-05
1.86131e-05
1.72443e-05
0.00010745
0.000125392
0.00912242
0.00865806
8.66412e-05
0.000115315
0.0166969
0.0168692
0.00520809
0.000128579
0.00329354
0.00125756
0.0128377
0.00175391
0.00998706
0.00232262
0.0160022
0.00293563
0.000428755
0.00359321
0.000103871
0.000154983
0.0182229
0.0170665
5.20213e-05
0.000119619
0.000190561
0.000245905
0.00990468
0.00897514
3.80424e-05
6.02991e-05
0.00371474
0.00203077
0.0207494
0.0207494
0.0426632
0.0431615
3.53011e-05
2.36649e-05
5.22452e-05
4.38913e-05
9.0444e-05
6.09488e-05
0.0136798
0.0136904
0.0039409
0.00396823
0.00131357
0.000456328
0.02044
0.0202681
0.020135
0.0162941
0.0215542
0.0154237
0.0241446
0.0149833
0.0255954
0.0152208
0.0276181
0.0153358
0.0300157
0.0163198
0.0366941
0.0104122
0.00253265
0.00312647
0.000279178
0.000108683
0.0129155
0.0130376
0.00417619
0.00486773
6.65981e-05
2.449e-05
0.042031
0.0436384
0.00224587
0.00222184
3.25554e-05
2.25349e-05
4.87301e-05
3.17749e-05
6.18782e-05
3.14656e-05
0.000180621
0.000140894
0.00830461
0.00807771
0.000334126
0.000175734
0.0224901
0.0215277
0.0278402
0.0306403
0.024374
0.029094
0.0217387
0.0285506
0.0192486
0.0296567
0.0192056
0.0298985
0.0191158
0.0318633
0.0213774
0.0347809
0.023247
0.0220362
0.000137169
0.000206461
0.000356141
0.000250835
0.00815209
0.00839089
7.47094e-05
6.12756e-05
3.52563e-05
4.06452e-05
0.0225368
0.0224819
0.0434978
0.0106928
1.96821e-05
2.03488e-05
3.75961e-05
2.25124e-05
4.15962e-05
2.44419e-05
0.0136382
0.0137453
0.00358661
0.00379224
0.000146721
8.30806e-05
0.0157447
0.00670433
0.00813199
0.00756955
0.0107055
0.0145994
0.00960151
0.0121982
0.00825288
0.00842094
0.00468616
0.0142971
0.00116732
0.00734668
0.00814368
0.0195283
0.00343076
0.00611495
0.000100483
7.33478e-05
0.0132435
0.0145168
0.00515942
0.00597021
2.64901e-05
2.38588e-05
0.044861
0.0110445
0
0
0.00468394
0.0109058
1.88284e-05
1.48743e-05
2.34072e-05
1.99726e-05
9.47049e-05
0.000104409
0.00779312
0.00822301
8.91037e-05
8.156e-05
0.018118
0.0194384
0.000122262
0.0112278
0.000717378
9.15008e-05
0.000648823
0.013775
0.00418882
0.00731268
0.00323917
0.00986436
0.000136868
0.0174936
0.00011527
0.010094
0.0178752
0.0131307
0.000125419
7.06792e-05
0.000187787
0.000172113
0.00814848
0.00845849
3.94123e-05
4.43395e-05
0.00486829
0.0112473
0.0207494
0.0207494
0.00323048
0
1.53227e-05
0.0445944
2.4378e-05
2.41809e-05
2.24218e-05
3.34379e-05
0.0140446
0.0161168
0.00367061
0.00354219
0.000112557
0.00017455
0.0179803
0.0256
0.0196736
7.79494e-05
0.0102761
0.0143657
0.0215872
0.0115011
0.0228548
0.0129293
0.0207072
0.0169422
0.0129474
5.80075e-05
0.0247316
0.00380016
0.00649419
0.00963108
6.53798e-05
4.33127e-05
0.0146578
0.0161457
0.00587569
0.00657757
3.13662e-05
0.0487755
0.00347609
6.91787e-05
0
0
0.0427862
0.0147971
1.88321e-05
1.59004e-05
2.51556e-05
2.46214e-05
9.78192e-05
8.99137e-05
0.00969898
0.0115073
7.63013e-05
5.96631e-05
0.0203067
0.0199058
0.0241837
0.000126683
0.014342
0.00889802
0.0205114
0.0118907
0.0220057
0.0134644
0.0230402
0.0141245
0.00849712
0.0167843
0.0235183
4.58941e-05
0.0201677
0.0231204
0.000131165
0.000140514
0.000122792
0.000124738
0.00883552
0.0100733
3.98227e-05
3.14901e-05
0.0458366
0.0159767
0.0207494
0.0207494
0
0
0.0183114
0
2.59058e-05
0.0360305
6.69554e-05
9.59449e-05
0.0167098
0.0162947
0.00396506
0.0185689
0.00064557
4.70081e-05
0.0297319
0.000437191
0.0215356
9.51539e-05
0.0212765
8.28925e-05
0.0206225
9.51981e-05
0.0211646
0.000123861
0.0230325
0.000150637
0.025736
0.000185389
0.030491
0.000239796
0.0115548
0.000285539
0.000227518
9.16759e-05
0.017297
0.0255786
0.00680954
0.0434984
0.0199263
0
6.91787e-05
6.91787e-05
0
0
0
0
0.0447214
0.0101712
2.34008e-05
7.07295e-05
9.71143e-05
0.000143777
0.0157578
0.0181052
0.000167589
0.00011843
0.0165216
0.000709924
0.0288079
0.000282959
0.0250137
0.000192065
0.0227058
0.000115672
0.0210207
0.000135127
0.0221406
0.000120895
0.024021
0.000108602
0.0275481
0.000121679
0.0364709
0.000537333
0.000250198
5.5063e-05
0.00023622
6.51217e-05
0.0125254
0.0169015
0.0490197
0.0121716
0
0
0.0207494
0.0207494
0
0
0
0
8.13205e-05
0
0.0286874
0
0.00778055
0.0381061
0.0172064
0.00307674
0.024409
6.98772e-05
0.0212289
0.000200582
0.0168796
5.68779e-05
0.0142349
6.7275e-05
0.0126158
0.000103162
0.011694
0.000104603
0.0119624
9.40145e-05
0.0123733
8.49585e-05
0.0148198
0.000105459
0.0181204
0.00296246
0.0229438
0.0463479
0.112641
0
0.000125957
0
0
0
6.91787e-05
6.91787e-05
0
0
0
0
0
0
0.000315857
0
0.0155468
0.0335282
0.0177029
0.00246123
0.020456
0.000139707
0.0121835
0.000484201
0.0108208
0.000132632
0.00989106
0.000194293
0.00950959
0.000255084
0.00962272
0.000303444
0.0102479
0.000269773
0.0111701
0.000224478
0.013036
0.000165961
0.0149398
0.000203681
0.0193076
0.00311544
0.0728242
0.0377172
0.000497863
0
0
0
0
0
0.0207494
0.0207494
0
0.00899972
0
0.00899972
0
0.00899972
0
0.00899972
0
0.00899972
0.0438401
0.00899972
0.0128553
0.00899972
0.000108899
0.0125258
4.95973e-05
0.0346911
3.75359e-05
0.0466575
3.07526e-05
0.048589
2.52815e-05
0.0461053
2.16565e-05
0.0346231
2.8838e-05
0.0127271
0.0116318
0.00899972
0.0412135
0.00899972
0
0.00899972
0
0.00899972
0
0.00899972
0
0.00899972
6.91787e-05
0.00913014
0
0
0
1.02188e-05
0
1.02188e-05
0
1.02188e-05
0
1.02188e-05
0
1.02188e-05
0.0419253
1.02188e-05
0.0194891
0.00902329
2.96169e-05
0.0476456
1.80197e-05
0.0343294
1.93772e-05
0.0226732
1.64128e-05
0.0226656
1.78517e-05
0.0341053
2.12253e-05
0.0472204
0.0193428
0.00941242
0.0346005
1.02188e-05
0
1.02188e-05
0
1.02188e-05
0
1.02188e-05
0
1.02188e-05
0
1.02188e-05
0.0207494
0.0207494
