0.00643748
0.0117735
0.00443719
0.00983606
0.00470649
0.00684158
0.00318299
0.00338108
0.00534112
0.00252442
0.00485438
0.00636879
0.00738783
0.00589628
0.00259763
0.00868922
0.0022335
0.00218599
0.00581156
0.00507428
0.00333798
0.0065572
0.00801516
0.00222893
0.00710604
0.00349421
0.0157914
0.00597298
0.00477141
0.000729969
0.00199701
0.0146393
0.00951754
0.00194251
0.00351709
0.00628325
0.00532455
0.00411619
0.00442721
0.00122049
0.00379839
0.00241032
0.00287405
0.00284408
0.00435301
0.00533579
0.00823582
0.0131238
0.00483756
0.00635516
0.0090161
0.00468586
0.00562032
0.00177308
0.00381037
0.00503715
0.00842726
0.00103871
0.00403781
0.00561955
0.0247467
0.0262686
0.0118527
0.00607347
0.00688296
0.00271631
0.00424269
0.00154311
0.0042798
0.00446439
0.000659124
0.00121822
0.00838553
0.00406454
0.0168469
0.00698784
0.0053795
0.00442667
0.00126116
0.0124107
0.00700792
0.00319089
0.00643502
0.00941345
0.00434782
0.00865504
0.00443154
0.00680321
0.00488948
0.00418803
0.00272482
0.00370225
0.0104843
0.00258741
0.00485541
0.008834
0.00370638
0.0070733
0.00528249
0.0109132
0.0043624
0.00314714
0.000571325
0.00193673
0.00104851
0.00850327
0.00430236
0.00338244
0.0144906
0.00591364
0.0049403
0.0116183
0.0114424
0.00847607
0.0023997
0.00869699
0.012417
0.0133892
0.00571356
0.00381282
0.00378366
0.00736288
0.0324833
0.0249379
0.000759438
0.000662227
0.00200144
0.00338307
0.00945725
0.00702428
0.00430266
0.00459389
0.00201155
0.00357695
0.00386386
0.00509929
0.0126858
0.00806003
0.00734931
0.0050562
0.00243725
0.00587543
0.0030436
0.00584491
0.00659857
0.00784193
0.00988902
0.0104536
0.00656107
0.00890806
0.00351582
0.00403217
0.00437165
0.00697848
0.0046256
0.000909025
0.00675915
0.00155485
0.00949064
0.0101112
0.00415121
0.0122353
0.00326464
0.00711989
0.00337292
0.00566303
0.00709329
0.00541777
0.00301192
0.00818746
0.00225093
0.00289888
0.00151807
0.00324406
0.0126422
0.0126092
0.0091651
0.00494528
0.00891872
0.0150962
0.00192561
0.00504642
0.00244786
0.00940646
0.0196778
0.0324879
0.00216461
0.00202978
0.000962321
0.0109991
0.00165313
0.000764891
0.00336495
0.00667665
0.00490012
0.00275544
0.00387445
0.00895151
0.012072
0.00855623
0.00527602
0.00624423
0.00553677
0.00232427
0.00590085
0.00902589
0.0114341
0.00921789
0.0012195
0.00538341
0.0097625
0.00148683
0.00858306
0.00759214
0.00109459
0.00349748
0.000465852
0.000541582
0.00690731
0.00407478
0.00545737
0.00264647
0.0104855
0.00812301
0.00484105
0.00560991
0.00345121
0.00794663
0.00759817
0.00818206
0.0130145
0.016285
0.00114823
0.00443668
0.00758472
0.00468195
0.00531986
0.00389248
0.00628545
0.00888179
0.0138475
0.00614194
0.0062133
0.00858865
0.00515054
0.00658119
0.0311323
0.0284406
0.00262261
0.00388852
0.00393056
0.00894579
0.00865235
0.00664958
0.0029334
0.00207813
0.00241756
0.00813492
0.0092868
0.00766363
0.00432037
0.00944129
0.00395751
0.00455737
0.00719127
0.00932127
0.0142804
0.00518717
0.0215805
0.00170518
0.00998531
0.000148739
0.0105442
9.01178e-05
0.00129893
0.0039407
0.00828233
0.00705492
0.00387733
0.00399799
0.004381
0.00720247
0.00734802
0.00771765
0.00596354
0.00224901
0.00459696
0.00516949
0.0022085
0.00877774
0.0031576
0.000439473
0.00546804
0.00589945
0.00370167
0.00401828
0.00479391
0.00807085
0.00822548
0.0045946
0.0104912
0.000140683
0.00041967
0.000115432
0.0108627
0.000188096
0.00555394
0.00399776
0.0190333
0.0365223
0.00964204
0.00229042
0.00471897
0.00641166
0.00126802
0.0133407
0.00793246
0.00370721
0.00304023
0.00742371
0.00311548
0.0018103
0.00809791
0.00394929
0.00563873
0.00478317
0.00470861
0.00721234
0.00396157
0.00550629
0.00138563
0.00744767
0.000103997
0.00470553
0.000134059
0.0107039
0.00235632
0.00550941
0.00661671
0.000981828
0.00346575
0.000660051
0.00762528
0.000960416
0.00123493
0.00263284
0.00427277
0.00413649
0.0101068
0.00456609
0.00969413
0.00355199
0.0080607
0.00430351
0.00710994
0.00752014
0.00586666
0.00708502
0.00409948
0.00377276
0.00685474
0.00482608
0.000117908
0.00280641
0.000129586
0.000209886
0.000154154
0.00406206
0.0070018
0.00610369
0.0210135
0.0185489
0.0051178
0.0611264
0.00213764
0.0620685
0.00418303
0.072962
0.00593391
0.0699265
0.00412406
0.0783364
0.00403686
0.0571898
0.00589418
0.0692624
0.00251236
0.0431136
0.000839025
0.0669149
0.00141557
0.0495837
0.00264537
0.0579401
0.00592712
0.0686602
0.00215921
0.0531252
0.00300113
0.0624111
0.00203594
0.0564582
0.000802422
0.00664714
0.00307968
0.00467683
0.0061032
0.00581053
0.0108039
0.00782631
0.00614645
0.00852082
0.00407391
0.0082648
0.00318543
0.00464904
0.00893993
0.00302662
0.00170376
0.00874412
0.00560554
0.00588008
0.00440444
0.00610805
0.00218891
0.00855932
0.00500477
0.00805614
0.00271444
0.00750474
0.00558317
0.00782044
0.0258533
0.0189244
