0.0385595
0.0516736
0.0196628
0.00823063
0.00262767
0.0385281
0.0253678
0
0
0.00134317
0.000622634
0.0449671
0
1.42023e-05
0
0.0464564
0.0115268
0.0231496
0.0135955
0.0283291
0.00795757
0
0.0191974
0.0288778
0.0192087
0.000691489
0.0177094
0.0126175
0.0323153
2.13176e-05
6.71209e-05
3.20687e-05
0.0135909
0.00638592
0.0101284
6.41288e-05
1.94874e-05
1.59403e-05
0.0198466
0.00687454
0.0137195
0.000162905
0.00685737
0.00521332
0.0202096
0.20093
0.00238581
0.0181264
0.000257878
0.017708
0.0215359
0.00147359
1.92643e-05
8.89528e-05
0.0117693
0.0105343
0.0232613
0.0290188
0.00745914
0.00951965
0.0364077
0.00456088
0.0203242
0.00643209
0.0176561
5.53504e-05
0.00165902
0.0233098
0.0210944
0.0134679
0.0155211
0.0250649
0.00194588
0.0153052
0.0237771
0.00876382
0.00563205
0.0193336
0.0462117
0.00022421
0.0465728
0.0155787
0.0418506
0.0447356
0
0
0.0203569
0.00441734
0.000507287
0.00181009
0.000298363
0
0.100343
0
0
0.00897984
0.0207532
0
0.000742488
0.017774
0.00850393
0.00675803
0.00995313
0.0177971
0.0471305
0.000232629
0.0452669
0
0
0.0705005
0.00161467
0.0223141
0
6.97284e-05
0.0187407
6.24653e-05
7.31483e-05
0.0205971
0.000329964
0.00597888
0.000422809
0.021584
0.00652202
0.0150601
0.024038
0.0138497
0.0165681
0.00012771
6.68451e-05
0.0182441
0.0181146
0.0213856
0.00106945
0.0326239
3.42085e-05
2.79164e-05
8.49251e-05
0.00655703
0.0157329
0.000184579
0.0183894
0.0033745
0.0147888
0.00698209
0.00732089
0.00752328
0.00930726
9.9883e-05
0.0183277
0.0125224
4.63589e-05
0.0151781
0.013902
0.0472658
0.0046601
0.044437
3.29318e-05
3.44498e-05
0.0134068
0.000108783
0.01466
0.00829376
0.0208003
0.0206924
0.00636706
0.00058818
0.0287248
0.0218563
0.00828551
0.0231037
0.0288392
0.0132044
0.0118459
0.00302498
0.0302494
0.0148948
0.000164175
0.0105027
0.0178874
0.000190027
0.000122696
0.00010974
6.28266e-05
3.87478e-05
4.45229e-05
0.000375007
0.0349337
7.60959e-05
0.00910558
0.022637
0.0131174
0.0140169
0.0178528
0.0212214
0.0138586
0.0251465
0.00023905
0.0156374
0.0205998
8.95429e-05
0.0101232
0.0251632
0.0283175
0.0735419
0
0.0467008
0.00293962
0.0432135
0.000389718
0.0169089
0.054979
0.0159599
0.00928735
0.0312661
0.0250178
0
0.00168403
0
0.0444237
0.000462257
0.0184933
0.00201661
0.000344545
0.0119161
0.00303828
4.22191e-05
7.5011e-05
0.0245365
0.0228669
0.0200395
0.0420823
0.00420294
7.92165e-08
0
0.0253744
0.0102302
0
0.0150747
0.000109014
0.0359266
0.0511223
0.00019029
0.004163
0.00823774
3.54788e-05
0.00847894
0
0.0187808
0.00926403
0.000865905
0.023624
0
0.0865141
0.0437735
0.00991402
7.9384e-05
0.00560089
8.49389e-05
0.0226777
0.000181982
0.00639909
0.0216461
0.0157437
0.0177134
0.0148622
0.000267825
0.020608
0.00474211
0.0103381
0.0289242
0.0230417
0.0471435
0.0190511
0
0
0.0403704
0
0.0128285
0.00071695
0.0126345
0.0158004
1.85137e-06
0.00166562
0.0690593
0.0080888
0.0438989
0.0391734
0.00428709
0.0435667
0.0206836
0.0222228
0.000958065
0.000151922
0.0287951
0.000269193
0.0108787
0.0189622
0
2.60181e-05
0.0136543
0.0222166
0.0167002
0.0451209
0
0.0288028
0.0281617
0
0
0.00169579
0.00663557
2.47896e-05
0
0.0125856
1.58934e-05
0.0303799
0.0264083
0.00501976
0.0129306
0.00470633
0.00326617
0.0462329
0.00318706
0.0477124
0.0190177
0
0.00320574
0
0.0494303
0.0187337
0.0337475
0
0.0178189
0.0465992
0
0
0
0
0.0175203
0.00153866
0.0135188
0.0216826
0.00081757
0.00493153
0.000188545
0.0220186
0.00108281
3.49476e-05
0.0177111
0.0260401
0.00431974
0.0179837
0.0201099
0.0209059
0.0484895
0.0015437
0.010866
0.00411723
0.0167173
0.0170512
0.000306807
0
0.0404635
0.0174122
0.0225181
0
0
0
0
0.0152813
0
0
0
0
0.0281238
0.000169431
0.0169005
0.0187408
0
0.0322645
0.0149238
0.0245234
0.000214439
0.0156316
0.000467367
0.00690157
0.000387947
0.00410467
0.00177928
0.196212
0.0280042
0
0.027421
0.013965
0
0.00288458
0.0106456
0.00555864
0.00880554
0.000445451
0.0219169
0.0259978
0.00549034
0.00782668
0.00840441
0.0125323
0.0150194
0.0117475
0.0276291
0.0020485
0.0204481
0.0208568
0.0179226
0.00557272
0.0217216
0.0172852
4.30275e-05
3.30711e-05
0.0231495
0.0150815
0.0147916
0.011934
0.0123431
2.53459e-05
0.00478394
0
0.000911598
0.00826677
0.000343473
0.00935116
0.0416093
6.84117e-05
0.00523274
0.000174881
0
0.0204938
0.0275614
0.00512378
0.0179099
0.0187879
0.0196983
0.020826
3.09284e-05
3.62995e-05
0.0271154
0.0279256
2.94787e-05
0.0060547
0.0336902
0.0428469
0
0.00847181
0
0.0456271
0.0193505
0.0084401
0.014182
0.0384049
0
0.000133049
0.0240482
0.000543471
0.0288228
0.0154456
0.0254876
0.00335139
0.000119479
0.00293546
0.0451181
0
0.000426772
0.0721347
0.0353301
0.00906685
0.027018
0.0265404
0
0
0
0.0213945
0.0425537
0
0.176759
0.198345
0.000235222
0.000166765
0.0109508
0.0225423
2.05946e-05
3.88888e-05
0.000651139
