0.000384091
0.00835106
0.000597908
0.000358956
0.00314033
0.000752721
0.000374827
0.00251706
0.00707757
0.00198873
0.00110684
0.00155425
0.00134383
0.00761565
0.00640091
0.00381146
0.00177728
0.000327774
0.00027828
0.00219417
0.00347489
0.000891598
0.0011007
0.000743085
0.00453117
0.00322147
0.00300562
0.000600153
0.000722452
0.00352881
0.00357399
0.00109663
0.00446037
0.00247397
0.000652619
0.000883681
0.00508363
0.00198708
0.00346275
0.00142672
0.00108074
0.00528892
0.00315917
0.000497391
0.000617717
0.00293966
0.00186709
0.00450432
0.00827584
0.00341823
0.00255435
0.00168773
0.000909244
0.00273598
0.00161152
0.00608197
0.000386215
0.0121737
0.00312633
0.00233623
0.00105701
0.00211028
0.00281362
0.00129975
0.00701762
0.0073016
0.00272704
0.00130607
0.00170903
0.00148775
0.00193858
0.00280969
0.00209831
0.00480207
0.00524627
0.00142212
0.00170575
0.00187356
0.000768041
0.00101207
0.00148037
0.00142721
0.000484902
0.00317801
0.000676346
0.00133117
0.00216248
0.00226349
0.00219537
0.00859351
0.00149643
0.00202389
0.00152606
0.000519651
0.00340769
0.000806774
0.000464433
0.00134248
0.00529472
0.00069816
0.00300947
0.00264309
0.00446996
0.00693628
0.00384486
0.00151433
0.00121166
0.00355665
0.00030143
0.00805554
0.00109461
0.00201306
0.000903556
0.00246167
0.000579985
0.00256045
0.0034873
0.00110314
0.00177157
0.00129487
0.00174237
0.0074077
0.00197521
0.00102908
0.000391278
0.0026868
0.00141893
0.00125827
0.00321661
0.000568942
0.000547929
0.007266
0.00985054
0.00436318
0.00098554
0.00323777
0.00105345
0.00197865
0.00165262
0.00395602
0.00238465
0.00122655
0.00210051
0.00068154
0.00160063
0.00186908
0.00105574
0.000509508
0.00237325
0.00126392
0.00238014
0.00437322
0.000921182
0.00592867
0.00314466
0.00317683
0.00162943
0.00211416
0.00209727
0.0102819
0.00369432
0.000103238
0.000944205
0.011146
0.0137631
0.00334038
0.0041429
0.0015216
0.00350508
0.0032217
0.00205199
0.0044287
0.00343959
0.00387909
0.00497387
0.00338506
0.000470301
0.00140401
0.00144335
0.00112962
0.00832471
0.0080506
0.00170801
0.0034958
0.00624706
0.00118759
0.00455399
0.00354896
0.00782158
0.00333399
0.00206681
0.000763685
0.00270668
0.00120199
0.00288938
0.00167763
0.00427319
0.000144398
0.00352062
0.00396955
0.000915551
0.0808588
0.00185924
0.0021381
0.000837436
0.00239302
0.000518098
0.000345674
0.000805128
0.00618922
0.000965256
0.00515367
0.0023634
0.00215945
0.00245459
0.00324078
0.00439503
0.000129849
0.00177317
0.00281073
0.000797088
0.000352922
0.000274044
0.00988453
0.00503845
0.00241564
0.00312001
0.00282922
0.000462027
0.00127108
0.00170717
0.00175755
0.00378737
0.00352617
0.00428312
0.010224
0.00221441
0.00171873
0.000612786
0.00101102
0.00132201
0.00199686
0.00147437
0.00314671
0.00088641
0.00139256
0.00117535
0.00189557
0.0033757
0.00146252
0.00135003
0.0030336
0.00238651
0.002441
0.00119168
0.000701818
0.00114438
0.00660485
0.0014593
0.00136944
0.00112612
0.00138963
0.00134034
0.0013079
0.00303927
0.00408371
0.00286098
0.00302593
0.00416528
0.00609846
0.00148844
0.00289131
0.00254384
0.000548544
0.00530817
0.00632985
0.000297445
0.00144642
0.00113948
0.0080139
0.00230546
0.000631256
0.00176971
0.00455498
0.00159405
0.00281591
0.00544979
0.000840027
0.0036532
0.0010184
0.00308481
0.00182213
0.00115374
0.00147626
0.0113534
0.00302765
0.00192569
0.000506829
0.00168363
0.0015023
0.00417489
0.00201214
0.00134502
0.00100897
0.00166374
0.000890525
0.000659062
0.00695805
0.00153486
0.00489932
0.00275009
0.00525816
0.000941394
0.00300589
0.000550356
0.00492832
0.00231291
0.00503953
0.000735535
0.000808938
0.00406522
0.00407973
0.00177735
0.000710586
0.00156356
0.00383539
0.00128544
0.00582589
0.000788944
0.000611602
0.00253357
0.00208722
0.00366574
0.000432413
0.000880249
0.00238984
0.000222123
0.00257197
0.00133568
0.00357776
0.00190887
0.00284202
0.000917635
0.00642076
0.00142586
0.00553298
0.000649846
0.00149765
0.00225879
0.00366856
0.00309705
0.00208134
0.00279656
0.00521109
0.00540384
0.000232531
0.000444388
0.00205576
0.00172597
0.00101818
0.00696295
0.00237337
0.00150426
0.00259655
0.00162499
0.0016855
0.00219418
0.00246122
0.00209877
0.00675482
0.000746348
0.00459816
0.000666736
0.00107891
0.000332029
0.00050589
0.00615118
0.00161517
0.00671631
0.00120076
0.00638985
0.00274517
0.000789724
0.00369618
0.0012901
0.00337389
0.0100832
0.000908395
0.00083767
0.005468
0.00377237
0.000590483
0.00050573
0.00283959
0.000693247
0.00307429
0.00533567
0.00102385
0.0030439
0.0026643
0.00102709
0.00416264
0.0021593
0.00170565
0.000677124
0.000607057
0.00196571
0.00430921
0.00534563
0.00439909
0.0111974
0.0031285
0.00158142
0.000778004
0.00137062
0.00172782
0.000422701
0.0042998
0.000558182
0.0034508
0.00117713
0.00513818
0.00245308
0.00309583
0.00791795
0.00777554
0.000748286
0.000801729
0.00106385
0.00155684
0.00377008
0.00116834
0.00584353
0.00515838
0.0017293
0.00271368
0.00654746
0.00497163
0.0019477
0.00363378
0.00120855
0.00667288
0.00432465
0.0055769
0.00426261
0.00302791
0.00112282
0.00164911
0.00323457
0.000915632
0.00496018
0.00313523
0.00460297
0.000684298
0.00163572
0.000634199
0.00356079
0.000597244
0.00328968
0.00121507
0.00108618
0.00128495
0.000698985
0.00100987
0.00349663
0.00294404
0.0117588
0.00136868
0.00333741
0.00490635
0.000578686
0.000817129
0.00012174
0.000101756
0.00273518
0.000115795
0.000313059
0.000537787
0.00383278
0.000833607
0.0075315
0.000416184
0.000902687
0.00183787
0.00149978
0.0032565
0.00124768
0.00372292
0.00127751
0.00156893
0.00217437
0.00232924
0.00168133
0.00467402
0.00166529
0.0025806
0.000507174
0.00359392
0.000487988
0.0021113
0.00582177
0.00283881
0.00471201
0.00127696
0.00452866
0.000979158
0.00170313
0.00195745
0.00240161
0.00327635
0.00134117
0.001153
0.000413824
8.65254e-05
0.000351664
0.000146768
0.00186174
0.00364401
8.9659e-05
0.00149525
0.00527042
0.00271846
0.00463844
0.00295994
0.00438668
0.000546252
0.00996655
0.00249789
0.00369956
0.00426729
0.00469808
0.00303451
0.00147434
0.00293826
0.00250046
0.004724
0.00156251
0.00198571
0.00306928
0.000445021
0.00107558
0.000988877
0.000367301
0.00261421
0.000984033
0.00702785
0.00137992
0.00238477
0.00986218
0.00331852
0.0146143
0.00444003
0.00386696
0.00308881
0.0026443
0.00115733
0.00592254
0.00361556
0.00215683
0.0411363
0.00538129
0.00945308
0.00328996
0.00365293
0.000786425
0.00363444
0.000625429
0.00597858
0.00426461
0.00432771
0.00259637
0.00242875
0.00149936
0.00107207
0.00397525
0.00338731
0.0080081
0.00170452
0.00114606
0.00246623
0.00137344
0.00294195
0.00327558
0.00422271
0.00363593
0.00132634
0.00119351
0.000999683
0.000905177
0.000389771
0.000120586
0.00232966
0.000748447
0.00191068
0.0030638
0.000603811
0.00164598
0.00161495
0.00645222
0.0018656
0.00226013
0.00309393
0.00191921
0.00179297
0.00131104
0.00273218
0.000456443
0.000368908
0.000450616
0.00135011
0.00107283
0.00423205
0.00061291
0.000955891
0.0013379
0.0045149
0.00124552
0.0029909
0.00101916
0.00608292
0.00184916
0.00609744
0.00189797
0.00126308
0.000708136
0.00171021
0.00241827
0.00192332
0.00227233
0.00172596
0.00297253
0.00365556
0.00685853
0.00351137
0.000641853
0.000646816
0.0102809
0.00467651
0.000790989
0.000315181
0.00587173
0.00594966
0.00560507
0.00091216
0.00128964
0.000739005
0.00324786
0.00428773
0.00578548
0.000808072
0.000505057
0.00346773
0.00393933
0.00106206
0.00577611
0.003987
0.00104808
0.000683311
0.00142801
0.00221583
0.00192926
0.000856344
0.00307641
0.000980603
0.00126792
0.000916791
0.0043937
0.00345791
0.00117567
0.00231897
0.0020116
0.000876096
0.00283051
0.000459554
0.000537068
0.00296681
0.00072468
0.00941901
0.00222622
0.00226412
0.00221109
0.00262068
0.00267298
0.00143286
0.00140684
0.00328577
0.00147144
0.00416916
0.00566255
0.00354393
0.000848303
0.00318196
0.00212911
0.00104088
0.00291802
0.00532589
0.000567665
0.00155847
0.00184334
0.00139602
0.00118697
0.00220268
0.00224212
0.00725155
0.00113742
0.00776334
0.00154785
0.00472822
0.00425978
0.000327506
0.00623755
0.00375366
0.00405649
0.00381823
0.00267764
0.00206896
0.00438031
0.000446846
0.00143462
0.00187676
0.005026
0.00107155
0.00143023
0.00189138
0.00100673
0.00204591
0.00371524
0.00128491
0.00183088
0.000555311
0.0117782
0.000207276
0.00230466
0.00840133
0.00229776
0.00322024
0.00494778
0.00281707
0.000479243
0.00364836
0.00101207
0.00177999
0.00266732
0.00240726
0.000427347
0.00285994
0.0042145
0.00255886
0.00143505
0.000327302
0.000814959
0.00359709
0.000359231
0.000567138
0.000646669
0.000465747
0.00181177
0.00169767
0.0012798
0.000592528
0.000728119
0.00515803
0.00563587
0.00109472
0.00577462
0.002928
0.00279354
0.00388468
0.00284207
0.00636672
0.00312621
0.00139103
0.00125209
0.00165542
0.00298435
0.00116187
0.00253867
0.00297656
0.000995002
0.00549274
0.000908765
0.000860833
0.00614101
0.00057231
0.00452698
0.00632118
0.00165382
0.00329759
0.000773409
0.00365073
0.00169535
0.00431116
0.000662094
0.001949
0.00294935
0.00289895
0.002048
0.00419911
0.00332754
0.0016304
0.00192666
0.00151019
0.00137863
0.00527333
0.000708735
0.00430587
0.00257133
0.00403318
0.00202813
0.00219506
0.00367211
0.00510514
0.00365991
0.000594243
0.000593644
0.0851493
0.0339915
0.00525133
0.00636994
0.00810396
0.00164769
0.00390533
0.000923302
0.00184642
0.00210323
0.00259149
0.00452939
0.00106808
0.00474284
0.00215083
0.000250439
0.00194264
0.00121385
0.00122176
0.00241738
0.00235789
0.000587877
0.00149291
0.00645391
0.004642
0.000776084
0.002738
0.00038751
0.000682394
0.00209573
0.00038687
0.00103314
0.00242194
0.0045088
0.000546264
0.00103411
0.000987437
0.00209941
0.00235107
0.000119748
8.06178e-05
0.00398442
0.000877504
0.00431507
0.00346688
0.00139314
0.00681135
0.000876337
0.00338223
0.00563087
0.00329873
0.00558536
0.00148872
0.000562429
0.00343388
0.0011504
0.00263896
0.00111888
0.0125962
0.000759133
0.000304866
0.0011063
0.000857633
0.00218823
0.00788531
0.00312399
0.00452682
0.00180935
0.000809432
0.00433426
0.00526451
0.00181784
0.00417463
0.00110587
0.000338149
0.000882947
0.00625327
0.00364351
0.00238081
0.0012047
0.00280921
0.00175902
0.000782364
0.00261954
0.000137378
0.00034644
0.000811101
0.00598262
0.0071184
0.0388406
0.00436748
0.00106908
0.00227437
0.0037118
0.00406425
0.000431057
0.00373816
0.00199501
0.00210579
0.000159586
0.00119351
0.00126432
0.000477619
0.00585518
0.000766492
0.00624434
0.001136
0.0752734
0.00743369
0.000630844
0.00324657
0.0016847
0.00154093
0.00384188
0.000892041
0.000743736
0.00309152
0.00179975
0.000289886
0.000326663
0.00216098
0.0044257
0.00537465
0.000168471
0.000162247
0.00705689
0.00577546
0.00256205
0.00247127
0.00304805
0.000791871
0.00436174
0.00307187
0.00378425
0.00442595
0.00223351
0.000962765
0.00366381
0.00156669
0.00204087
0.000645552
0.0906322
0.00227579
0.00194097
0.00102415
0.00141104
0.000106132
0.00120562
0.00179747
0.00123221
0.000376362
0.000635233
0.00337481
0.00243485
0.0745055
0.000542028
0.00227712
0.00339541
0.00101408
0.00526691
0.00367258
0.000698681
0.00133857
0.00212977
0.00287034
0.000464033
0.00145722
0.00265706
0.00109865
0.000707041
0.000427616
0.00195332
0.000546513
0.00240593
0.00264241
0.000781474
0.00525366
0.00407523
0.00203778
0.00166863
0.000750569
0.000730225
0.00195383
0.00204815
0.00259451
0.00184548
0.000652658
0.00180997
0.000620388
0.00236441
0.000654652
0.00658337
0.000418663
0.00434991
0.00486451
0.000799066
0.00696643
0.000749923
0.00469859
0.0030702
0.000808669
0.00177583
0.00618979
0.00340935
0.00095824
0.000529213
0.00165912
0.00561878
0.0043958
0.00370564
0.00134333
0.000942121
0.00663826
0.00189236
0.00555343
0.00214905
0.00279023
0.00162072
0.000605128
0.000688341
0.00439279
0.000905868
0.00306611
0.00299336
0.00181612
0.000278702
0.00183114
0.000729728
0.00344807
0.00095671
0.00274056
0.00217851
0.00114196
0.00110629
0.000776105
0.00194302
0.000927796
0.00492706
0.00194705
0.00214075
0.00132264
0.00199099
0.0021058
0.000941113
0.00284641
0.00615234
0.00203138
0.00361887
0.00116383
0.00669973
0.00264147
0.00358635
0.00123423
9.81427e-05
0.000158903
0.00143051
0.000794597
0.00149694
0.00365623
0.00307604
0.0025984
0.0010546
0.00305292
0.00358356
0.00316779
0.000754136
0.00239268
0.00218623
0.00161655
0.00273108
0.00124211
0.00149591
0.00454096
0.00528451
0.00146713
0.000669749
0.0139539
