0.037524
0.0134848
0.0130471
0.00999439
0
0
1.95393e-07
0.00507747
0.000145243
0.0374532
0
0.0312339
0.000121555
8.22141e-05
4.65005e-05
0.000102689
9.82106e-05
0.000147293
0.000104968
0.137351
0
0
0
0
0.015273
0.0163289
3.89454e-05
3.33311e-05
0.000643701
0.000124224
3.47251e-05
0.0145157
0.0149332
4.56672e-05
0.0132551
7.73528e-05
0.00574023
6.09156e-05
0.000252108
0.000411649
3.78644e-05
0.00233082
0.0263985
0.0408482
3.51272e-05
5.86436e-05
3.94681e-05
0.000664858
0.0396899
0.000175663
0.024234
0.0108243
0.0194692
0.0228971
0.023037
4.1471e-05
0.000121582
0.00768832
0.0407868
1.519e-05
3.55801e-05
0.000220545
5.92239e-05
0.00497181
3.28811e-05
3.97269e-05
1.81347e-05
3.02462e-05
3.39215e-05
0.0124362
0.0148918
0.0168424
0.00740674
0.0193302
0.0143222
0.000145659
0.00856688
5.10471e-05
0.0169433
1.59632e-05
2.65037e-05
3.34625e-05
1.71258e-05
0.00452837
0.000402153
0.000160171
0.0075011
0.0154166
0.0128181
0.000105631
3.17601e-05
1.94893e-05
2.16421e-05
0.00202873
0.0104902
9.73259e-05
5.30558e-05
0.0122573
0.000596738
0.0131936
0.00937047
0.000122053
0.0119028
0.0018363
2.41581e-05
2.22673e-05
2.37605e-05
3.15656e-05
0.000179395
4.76342e-05
0.000531899
0.000805671
0.014403
0.0122979
0.00928771
0.00791617
0.00797942
0.0101929
0.0179333
0.0182267
0.000219854
0.00348692
3.96615e-05
1.83835e-05
0.0240508
3.76585e-05
0.00137546
3.97654e-05
0.012273
0.01899
0.0118859
0.00586723
3.35001e-05
2.93557e-05
1.88012e-05
6.39883e-05
0.0106142
0.000132064
6.67851e-05
0.0122963
0.00941563
0.019618
0.0124557
0.00671205
1.7185e-05
5.97845e-05
0.0135785
6.65632e-05
0.0186996
0.000117249
0.0210064
0.000110585
9.75557e-05
3.75819e-05
0.0128193
5.06303e-05
3.62067e-05
0.0170815
0.0136062
8.37601e-05
0.0200331
0.0111561
0.0104051
0.0188852
7.68322e-05
8.81511e-05
3.63096e-05
4.0529e-05
0
0.0122801
0.034021
2.43908e-05
0.000124181
2.07323e-05
3.14583e-05
0.0125377
0.0217034
0.000196442
3.81003e-05
8.52e-05
6.75137e-05
0.000922417
0.02097
0.000158562
0.00454705
0.00213231
0.0178383
0.000277446
0.00019773
7.14056e-05
0.000157321
4.76966e-05
0.00130723
0.000168275
0.0290158
0.000146041
0.000578139
0.00023115
0.000249184
7.86705e-05
0.00884797
0
0
0
0.000490189
2.70901e-05
0.00255763
0.0137252
6.63487e-05
6.45814e-05
0.0348836
0.0232403
0.00103959
0.0141651
0.0155149
0.0132716
0.0221688
0
0.0178787
0.0455906
0.000471231
0.0229625
0.0304308
3.95676e-05
5.47669e-05
0
0
0
2.20296e-05
0.00105227
7.26278e-05
2.25269e-05
1.61476e-05
0.0554117
0.00389303
1.92352e-05
0
0.0135945
0.000381175
0.000611876
0.000867029
9.74047e-05
0.000947434
0.0148976
0.0458414
0.00252828
0.0312101
0
0
0
0
0
0
0
0
0.0045022
0.0114684
0.00431282
0.0278077
0.000274222
0.0203209
0.00355851
0.000105428
0.00276717
0.00469921
7.20255e-05
0.00684949
0.00593894
6.78576e-05
0.0129251
0.000267617
0.0149322
0.00238725
0.000236959
0.000707255
0
0
7.36992e-05
4.17482e-05
0.000200883
0.0265715
0.00493841
0.0176451
2.17888e-05
9.01783e-05
0.000532529
0.000160417
0.00973199
0.00111438
4.76475e-05
0.0193393
5.80115e-05
0.000171867
2.95212e-05
0.000137823
0.0442178
0.0539814
0.000113627
0
0.00798983
0
0.00498653
2.78855e-05
2.42934e-05
0.0121844
0.0129473
3.44858e-05
5.60076e-05
0.0133633
0.000584641
5.55198e-05
0.0228496
0.00371871
0.0136619
0.0220212
0.0128296
7.28438e-05
0.00671014
0.0170431
4.65635e-05
0.0141838
9.15277e-05
0.000202273
6.31319e-05
0
1.93783e-05
0.0431792
1.37705e-05
0.0251418
1.57727e-05
3.04837e-05
3.56211e-05
2.55762e-05
4.88511e-05
0.00142615
0.000416626
6.26539e-05
7.91177e-05
0.0113068
8.89732e-05
0.0177266
0.000347556
0.0082001
0.00812828
0.00180571
0.000396089
0.000427715
0.00681783
4.75366e-05
0.0124539
0.0112574
5.78501e-05
0.00659272
2.84459e-05
2.52183e-05
3.16052e-05
2.30907e-05
3.75709e-05
2.90184e-05
0.00114762
0.00152366
0.00717123
0.000630533
0.00106175
0.00649856
0.00162296
0.00507002
0.0181966
0.0022404
0.00656414
0.0157299
0.000196801
0.0015947
0.00219007
2.07049e-05
3.72385e-05
0.0901671
2.13314e-05
1.69808e-05
3.01059e-05
1.75707e-05
2.17296e-05
3.48677e-05
7.39142e-05
0.0118215
0.0153432
9.98921e-05
0.00438288
0.0151195
0.000316692
0.0149085
0.0103953
0.00762448
0.0138268
4.47056e-05
0.0157784
4.93537e-05
0.0118319
0.0176449
6.54441e-05
5.60942e-05
0.0072683
6.4436e-05
0.00629901
2.9625e-05
2.45392e-05
0.0501319
2.40178e-05
2.17252e-05
1.18033e-05
1.3021e-05
2.81556e-05
0.012341
3.32096e-05
0.00610397
7.43025e-05
6.7326e-05
0.00541403
0.0153359
0.0164645
0.0160518
0.0134182
0.00246736
0.0111309
0.0221059
0.0121908
0.0245537
8.14552e-05
0.000101005
0.0165568
8.79917e-05
0.00762284
0.000300692
0.0157585
2.38374e-05
1.45775e-06
0.00386428
2.11091e-05
0.000148885
3.98207e-05
0.0223995
0.0151658
4.71962e-05
0.0169446
8.09383e-05
0.0256903
0.000273442
0.012707
0.0268204
8.78903e-05
0.0269146
0.000306533
0.00490297
0.00617868
6.05426e-05
0.0126258
0.00248786
0.0215698
3.52633e-05
0.000132133
3.16729e-05
0.00545445
0.00181722
0
0.000123224
0.00585628
0.000209213
2.68777e-05
8.117e-05
0.000141739
8.97399e-05
0.0180903
0.0061907
7.42164e-05
0.0246253
0.000245442
0
7.69866e-05
0
0
0
0
0.0244445
0.105048
0
0
0.0471895
8.92603e-05
1.62271e-05
2.06361e-05
0.0224106
4.98395e-05
0.0148978
1.68011e-05
0.000134048
1.68164e-05
0.0203007
0.117223
1.7143e-05
0.0417485
0.00890198
0.0105697
0
0.000858156
0.0491309
2.85089e-05
0.0436769
0.00023445
0.0159634
0.000219655
0.0120902
0.00027878
0.0159531
0.000293825
0.00260777
0.000103129
0.000228907
9.79125e-05
0.0118544
0.0110807
0.00818572
0.0218141
1.83866e-05
0.015678
0.0134736
0.0143044
0.000103701
0.00121341
0.000129507
4.30475e-05
6.18342e-05
0.00835146
0.000260082
5.56811e-05
0.0124993
0.0101796
0.0328588
0.00442895
0.00254327
0.000172648
0.00352934
0.000790553
0.020586
0.000161041
0.00114348
8.90877e-05
0.00680683
0.000583998
0
0
3.68065e-05
7.19768e-05
0
0
0
0.240723
0
0.0328709
0.0460038
0
0.00595083
0.0132362
0
0.00111086
0.00196772
5.85678e-05
0.0154194
0.0130195
0.00213929
0
0
0.0309323
0.0255538
0.0163378
0.000167096
2.39881e-05
0.0195942
0.00956043
0.00467439
0.039532
0
0.0169397
6.44997e-05
0.00765065
0.000453598
0.000348593
0.0048724
0.0079474
0.000575934
0.00410658
0.0146488
0.0110847
0.00941722
0.000174933
3.48428e-05
9.31223e-05
7.45751e-05
0.000437756
3.80967e-05
0.000165826
0.020359
5.43993e-05
8.12407e-05
0.00396375
0.000468017
0.0265975
0.0389903
0.0188135
0.0111593
5.88022e-05
0.00879982
0.0185551
0
0.000344579
0.0115974
0.0225497
6.71226e-05
0
0
0.00102871
0.0124458
0.0187532
0.0088351
0.00425461
0.00320994
9.31294e-05
0.00390113
0.000100927
0.00559547
0
0
0.000379588
0.0355062
5.35351e-05
8.21172e-05
0.0172188
0
0
0.000714345
0.0197993
0
0
0.0163934
0.00999037
0.000375477
4.65247e-05
4.31935e-05
3.15966e-05
5.12618e-05
5.51798e-05
0.00748372
6.86862e-05
0.0206965
6.8802e-05
0.0203627
0.0134847
9.45872e-05
0.00144095
1.72635e-05
0.00910579
0.0146128
5.40993e-05
0.0105759
7.18715e-05
0.0216887
0.000149282
0.000100532
3.51581e-05
1.38992e-05
0.0251924
4.4696e-05
0.0744295
0.025417
0
0.0122825
0.00024336
0.00737536
0.0126012
0.00391849
0
0
0
0.0197922
1.24199e-05
0.000190228
0.0131646
7.42282e-05
0.0196272
0.0166626
6.62926e-05
4.36149e-05
0.00215575
0
0
0
0.00588197
0.0193272
0.018502
0
0.001577
0.000274587
2.3742e-05
1.49489e-05
0.0119162
0.020279
0.000161136
0.0102483
0.00972092
6.42115e-05
0.00703566
0.0162593
0.00753955
0.010814
0.00827038
0.0260718
0.000397429
0.0126241
1.40114e-05
2.48229e-05
0.000276384
0.00220412
0.0256623
0.0269847
0.017636
0
0
0
0.0175002
0
0.0670766
0
0
0
0
2.33203e-05
5.86903e-05
0.0053161
0.0178697
0.000391587
0.00576566
0.0423873
0.0172005
0.0251619
0.00844076
0.00875464
0.00706928
0.00899292
0.00587674
6.05041e-05
0.0134553
0.00605988
0.0123937
4.29898e-05
0.000164601
0.00712748
0.0155935
0.000130054
0
2.68755e-05
9.76207e-05
7.64468e-05
3.5575e-05
0
0
0
0
1.49656e-06
0
0
0.0298599
0.0231148
0
0
0.0135421
0
8.10126e-05
0.0316996
0
0
8.84182e-05
0.000146831
0.0176732
7.16191e-05
0
0.00216194
1.66907e-05
0
0
0.021608
1.64809e-05
1.16757e-05
0.00551868
0.0200341
0
0.00258431
0
0.0113546
0.00160736
0.000127281
9.59875e-05
0
0.000105511
0.0194267
0.0365907
8.90572e-05
6.03249e-05
0.0192933
0.228135
0.000129275
0.0202248
0
0
4.22097e-05
0.0267938
0.0111517
0
0
0.0414224
0.0212038
0.000159035
0.00119838
0.000340184
6.17161e-05
0.000215499
8.44335e-05
0.0118791
0.0352001
0.00978714
0.0116435
0.0120059
4.2353e-05
0.00183343
0
0
0
0
0
0
0.0167799
0.0209386
0.011574
0.000489282
0.000735696
0.0216873
0.0121056
0.00438198
2.21549e-05
0.00143115
0
0
0.0185319
0.02238
0.0166426
0.0164589
0.000201769
0
0
0
0.0172524
0
0.000224811
0.000391795
0.0144258
1.82892e-05
0
0
0
0.0109689
0
0.00464725
0.0192247
0
0
0.00827389
0.0187757
0.000273842
0.0273271
0.0448804
0.0266951
0.0215014
0.0225319
0.0171601
0.00172418
0
0
0.0043119
4.7339e-05
0.0160427
0.0164542
0.00417497
0.00156766
3.56717e-05
2.04901e-05
2.23989e-05
0.0116951
5.53059e-05
0.000100975
5.60793e-05
0.0027545
0
0.000197295
0.0108761
0
0.014117
3.10757e-05
0.0240838
0.0179157
0.0229044
0.00207111
4.90259e-05
0.0138533
0.0222268
0.000662223
0
0.0208935
0.00108895
0.0163652
0
0
0
0
3.9968e-05
0.00589495
0.00854553
7.21586e-05
0.00917462
0.000468311
0
0.00225816
0.0367823
0.000165948
0.00159977
0.02122
0.00483855
0.00155724
0.0171453
0.0189108
0.01961
0.0256556
0.0111159
0.000253636
0.00928091
0.000150702
0.0369893
0.00382595
0
0
0
0
0
4.0445e-05
0
0.0468933
0.000275627
0.00637683
0.0115158
0.0130785
0.0230332
0.000224885
0.00057339
0.000228816
4.74721e-05
4.57059e-05
0.0470965
0
0.00010001
0.0100092
7.22317e-05
5.88819e-05
0.0110627
0.000334867
0.015265
7.68484e-05
0.00900803
0.00998029
0.000314633
0.0148057
0
0
0
3.49283e-05
5.0673e-05
0
0.006037
0.021887
0.0180206
3.01319e-05
3.97497e-05
0.000179845
9.26221e-05
0.00255041
0.0396069
0.000352034
0.0434995
0.0377285
0
0.0102157
3.68974e-05
0.00986712
0.016935
0
0.00853197
0
0
0
0.0184453
0
3.94064e-05
0.00112429
0.00975851
0.0157273
0.000151621
0.00466954
0.0149328
0.0161195
2.73996e-05
2.90958e-05
0.0406282
0.0140495
0.0206222
7.44745e-05
6.09531e-05
9.14919e-05
0.000138994
0.0201732
0.000136469
3.1463e-05
8.37948e-05
6.84503e-05
3.03128e-05
0.00701595
0
0.138263
0.0185586
0.00281749
0
9.38348e-05
8.62088e-05
7.39695e-05
4.39176e-05
6.50952e-05
0.0213954
5.83418e-05
0.0167935
0.000882175
5.77583e-07
0
0.0103755
0
0.0328454
0.017321
0.0219659
0.00156243
0.00273552
0.0177401
0.00914032
0
0
0
0.00562972
0.00649494
0.0076759
0.0206574
0
0.000771225
0.0428695
0.0152459
0
0.000214897
0.00970379
0.0386505
0.0138373
0.0143198
0.000132417
0.0105537
0.00827229
3.52174e-05
0.0153088
0.0183008
0.0115823
0.000376519
0.0161822
6.28157e-05
0.000267103
0
0
0.00632734
0
0.00699387
0
0.00581198
0
2.71565e-05
0.00123957
0.000294077
0
0.00033764
0.00927679
0
0
0
0
0.00758021
0.00117377
0.00652685
7.10904e-05
0.00542105
0.00846611
0.00102855
0.0207506
0.156477
0.0339731
0.0389994
0.00176405
0.0223718
0.00219494
0.0257662
0.00414887
0.0172175
0.00617359
0.00389545
0.00678508
0
0.0184373
0.00346107
0
0.0161307
0
0
0
0
0.0441372
0.0154652
0
0
7.9639e-05
0.00216921
0.00120858
0
0.010872
0.0153462
0.000362086
0.00298636
0.0253417
0.015344
8.50525e-05
2.40539e-05
2.77001e-05
2.56502e-05
2.48525e-05
1.63586e-05
1.50696e-05
0.000120788
0.0020771
0.000773464
0.000218488
0.000804087
2.37212e-05
2.08257e-05
0.0145846
2.05666e-05
0.000127122
0.00288773
0.00780422
0
0.0274449
0
0.00016436
0.00501899
0.0213314
0.00779426
4.55668e-05
2.63363e-05
0.0450639
0.00202009
3.30538e-05
0.039171
0.0446735
9.36613e-05
0
0.0226763
0.00272385
0
0.00449152
0.000440216
0.0219136
0.000206353
0.00686646
0.00769765
0
0.000718377
0.00598613
6.49882e-05
3.07519e-05
0.000975104
8.12365e-05
4.38114e-05
0.00353282
0.0211003
0.00609948
0.000102971
0.0494287
0.0010103
0.00745254
0.00104865
0.000538822
4.28778e-05
0.021825
0.0132281
0.0120397
0.0156683
0
0.00279206
0.015286
0.0149608
0.00233105
0.00885725
0.00733074
0.0153925
0.0139428
6.66799e-05
0
0.00552285
0.0452543
0
0.0221614
0.000482844
0
4.0297e-05
0
0
0.0215166
0
0.036083
0.073325
0.000701855
0.00262995
8.11275e-05
0.000279377
0.0145923
0.000222818
0.0165079
1.69723e-05
0.0326878
4.22441e-05
0.0117435
0.000308194
0.000854734
0.0333012
3.30595e-05
8.79773e-05
7.05745e-05
0.020232
4.14221e-05
0.0186727
0.0128713
0.000244125
0.053107
0
3.47353e-05
0.0121187
0.00530868
8.30953e-05
0.00101787
0.00314903
8.34874e-05
0.00578951
6.24259e-05
0.000145608
0.000282875
0.00889596
0.0461621
0.0438408
0.000353642
0.0048343
0.000331891
0.0044086
9.29237e-05
0.0117867
0.00751829
0.000281609
2.19089e-05
0.000142344
8.06363e-05
1.84665e-05
0.0451885
0
0.0948411
0.0304246
9.00296e-05
0.008944
0.00023965
0.0185216
5.95234e-05
0.0150607
9.72659e-05
0.000476807
5.12618e-05
0.02036
0.000102365
0.0112868
7.78704e-05
0.0112019
0.000212149
0.00700012
4.76564e-05
0.0102692
0.0342335
0.00924593
0.000119833
0.000113401
0.0104653
3.16446e-05
0.000130025
0.0185672
0.0280852
0
9.27948e-05
0.0102295
0
0.0365645
0
0.000193163
0.0144277
0.00021779
0.0176989
8.90154e-05
0.00834758
7.9362e-05
0
0.0444591
0.000232029
0.000865023
0.0150204
9.81343e-05
0.00979439
0.0268064
0
0.000319134
0.00143206
2.5593e-05
0.0351161
0.000231111
0.00732632
0
0.000273684
0.0107781
0.000156544
5.05263e-05
0.000171207
0.0151032
0
0
7.11571e-05
0.0132321
0.00973803
0
0.0102984
0.000519453
0.0171652
0.00448879
0.00672733
7.37922e-05
1.88868e-05
0.008253
1.6903e-05
1.83438e-05
0.000170161
0.00925214
0.00242656
0.00698939
8.73899e-05
0.0025307
0.00570801
0.01813
0.000135413
0.00463247
9.21908e-05
0.0230542
0.0288025
4.49172e-05
0.000110416
0
0
0.00364363
0
0
0
0
0.000329531
0.00854744
6.66148e-05
0.000118906
0.00801755
0.00969597
0.011859
0.00924369
2.36116e-05
3.79801e-05
0.0226137
0.000118937
5.03187e-05
0
0
0.0341384
0.007917
0
3.01751e-05
1.92351e-05
0.00523629
4.07421e-05
0
0
0
0
0
0.0141125
0.0016373
0
0
0.0302418
0.0196549
0
0.0304522
0
0.0208894
0.0163986
8.88025e-05
0.0136933
0.0184586
0.0154752
0
0.0013138
1.86144e-05
0
0
0
0.00881837
0
6.17225e-05
7.58974e-05
0.0149916
0
0
0.010198
8.14691e-05
0.00534338
3.25227e-05
2.63613e-05
2.19238e-05
2.77862e-05
3.44367e-05
0.0190537
0.00111949
0.0150901
0
0
0
0
0.00523074
0.0196009
4.13123e-05
0.0027057
0
0
0.0131096
0
0
0
1.92597e-05
0.0203275
0
0
0
0
0
0.0211946
0.00569452
3.72772e-05
1.9733e-05
0
0
0
0
0.00942405
0.00790853
0.0137192
9.22283e-05
0.000911088
0.0273216
0
0
0
0.00133454
7.59649e-05
1.52274e-05
1.96205e-05
0.00432694
0
0
0
0
0.0110664
0
0.00939109
0.00109742
0.00589346
0
0.0410511
0
0
2.86322e-05
4.9826e-05
0.0323861
0.0194281
2.24801e-05
6.17683e-05
0.00623259
0.00879875
0.00518394
0
0.000732767
0.00123375
8.69416e-05
0.000110193
0
0
8.86137e-05
0.00807931
0.00639439
0.0254593
0.0155573
0
4.30261e-05
0.00425508
0.0420149
4.3703e-05
5.2105e-05
2.12484e-05
0.00723119
1.7171e-05
2.28333e-05
0.0165674
0.0173264
0.0196265
0.0115289
0.000745113
6.29878e-05
0.0189293
0.0387678
0
0.0068521
0.00572957
6.9061e-05
0.000101317
7.63373e-05
0.00799339
4.25157e-05
7.03392e-05
0.00343696
0.000190506
0.00154921
0.0167465
0.00864537
0
0
0.00301201
0.00352276
0.00512344
0
