0.000883703
0.00475289
0.00134532
0.000674601
0.000731782
0.000641715
0.00061707
0.00049675
0.00143587
0.000473815
0.00117222
0.00107529
0.000619988
0.000969188
0.000580752
0.000928413
0.00112079
0.0026746
0.00446835
0.000938649
0.00155914
0.00121692
0.00158738
0.000780034
0.000618575
0.000502676
0.00237052
0.000389493
0.000761318
0.0018295
0.00322518
0.0017782
0.000522999
0.00099129
0.00321491
0.00138651
0.00106584
0.000775268
0.00224278
0.00135494
0.00442904
0.0126405
0.001089
0.00149207
0.000725147
0.00492778
0.00057103
0.00107363
0.00108632
0.000604509
0.00565329
0.000804579
0.00141926
0.00173716
0.000444281
0.00136676
0.00236739
0.00270798
0.00072593
0.000906863
0.00146541
0.000476413
0.000658522
0.00176786
0.000804503
0.00104977
0.0059537
0.00189733
0.000816562
0.00231106
0.000931531
0.000683723
0.0011899
0.00359805
0.000424482
0.000708723
0.00090923
0.00139894
0.000743571
0.0012181
0.000841508
0.0011671
0.000401744
0.000695676
0.00125292
0.000683818
0.000843084
0.00120602
0.000645522
0.00223158
0.00068285
0.00224959
0.000530067
0.000894682
0.00259302
0.00208298
0.000802102
0.000642169
0.000779481
0.00121958
0.00150589
0.00099639
0.000271142
0.000253958
0.00152061
0.00114617
0.00521284
0.00185748
0.000719752
0.00115407
0.00105443
0.00420624
0.00104279
0.000575947
0.00195374
0.000488559
0.00181559
0.00110435
0.000908838
0.000625359
0.000370077
0.00194178
0.000760857
0.000935968
0.00264243
0.00116663
0.00214273
0.000180863
0.000673387
0.000430888
0.00159739
0.000981905
0.0007041
0.00048577
0.000532518
0.00055432
0.00105593
0.000704257
0.000847529
0.000531466
0.000495224
0.00225579
0.00119424
0.00202838
0.000551834
0.000730493
0.000948509
0.00488412
0.00142687
0.00137536
0.000268261
0.00251625
0.00130219
0.00542697
0.00266501
0.000566904
0.000980526
0.00137944
0.00123289
0.000770788
0.00102616
0.00325947
0.000559413
0.00049998
0.00173193
0.000563476
0.000641574
0.000621475
0.00123279
0.000990225
0.000723796
0.00043605
0.000833782
0.00110754
0.000270262
0.000370418
0.000663959
0.000787615
0.000671463
0.000925653
0.000773796
0.0016508
0.000764788
0.00119468
0.00101114
0.00108407
0.00109834
0.00105717
0.000685222
0.00132964
0.000945536
0.000922574
0.000825097
0.00102554
0.000607051
0.00220556
0.00319252
0.00228679
0.00146768
0.000639123
0.00173813
0.000434225
0.0012472
0.00114897
0.000862023
0.000867066
0.00104251
0.00195243
0.000427729
0.00105878
0.000846468
0.000517002
0.00269183
0.00152531
0.00114685
0.000544864
0.00119795
0.0010262
0.00130272
0.00124434
0.000577892
0.000650622
0.00117604
0.00139026
0.00525378
0.00210026
0.00215689
0.000671006
0.000994992
0.000937677
0.000751276
0.000531711
0.000962767
0.00198858
0.00148329
0.00217054
0.000950463
0.00458464
0.00203436
0.00145127
0.000547623
0.00116701
0.00155066
0.000676768
0.00213358
0.000967771
0.00303205
0.00201994
0.00138385
0.000834536
0.000606317
0.00105557
0.00107879
0.00112653
0.000970346
0.000694496
0.00400129
0.000362334
0.000958625
0.0016818
0.00111018
0.00029662
0.000553524
0.00105211
0.00102314
0.00218723
0.00214537
0.00212561
0.0014434
0.00286265
0.00165295
0.000498643
0.000958338
0.000484554
0.00247444
0.00240198
0.00179177
0.000570573
0.000541038
0.00210624
0.00143942
0.000760471
0.000637019
0.000574813
0.000820335
0.000993568
0.00111001
0.000525025
0.000962816
0.000827325
0.000734407
0.00163865
0.00170762
0.00204973
0.000932146
0.00133179
0.000519513
0.000459006
0.00106783
0.00103756
0.000515073
0.00131825
0.000587906
0.000776114
0.00235009
0.00410915
0.000745701
0.00268476
0.00125466
0.00124902
0.000736754
0.000925163
0.000609212
0.00106909
0.00154613
0.00140413
0.000252904
0.000393732
0.000653913
0.000461047
0.00450351
0.000813223
0.00164426
0.000615885
0.000235554
0.000527346
0.0033803
0.00111648
0.00141722
0.00118431
0.000844375
0.00152435
0.00177717
0.00121543
0.00124917
0.000579144
0.00579137
0.00202616
0.000728644
0.000694376
0.00083238
0.00153071
0.000198286
0.000484023
0.00130226
0.000452868
0.00126276
0.00183002
0.00253642
0.000478217
0.000809043
0.0033386
0.0029877
0.00110876
0.000523399
0.00114851
0.000592445
0.00179177
0.00287308
0.00138916
0.00105952
0.00719745
0.000931895
0.000247524
0.00134954
0.00122271
0.000864413
0.000534692
0.00198073
0.00124715
0.000229337
0.000377997
0.000877994
0.000518009
0.0012017
0.000986819
0.0017973
0.000196849
0.00116554
0.0014445
0.000967023
0.000318035
0.000948562
0.000742114
0.00161504
0.000591723
0.00108698
0.000319948
0.000573336
0.000539079
0.000671528
0.00141727
0.000802717
0.00110284
0.000746037
0.000276496
0.000678384
0.00117501
0.000894481
0.000589498
0.000458716
0.00109088
0.000537229
0.000224143
0.000406456
0.000641558
0.00079602
0.00397469
0.00114199
0.000694912
0.000649978
0.000423047
0.00112093
0.000668696
0.0011102
0.00100904
0.00289712
0.000904601
0.00217042
0.00116871
0.00229004
0.00196755
0.000696024
0.000272883
0.00017318
0.00270536
0.000905446
0.00122039
0.000324125
0.000972222
0.000880436
0.00094326
0.00128448
0.00144922
0.00126947
0.00134616
0.00235509
0.000928791
0.000758477
0.000256268
0.000713965
0.000916109
0.00111834
0.000733364
0.00118448
0.0014107
0.00113753
0.000514267
0.00173157
0.00158856
0.000843882
0.00153461
0.000453636
0.00200204
0.00353565
0.000964839
0.00110543
0.00109845
0.00263832
0.00223465
0.000633042
0.00166559
0.000561703
0.00131512
0.00244032
0.000400676
0.002494
0.00197833
0.000986822
0.000723117
0.000993005
0.000963534
0.000563544
0.00332807
0.00291149
0.00056701
0.00121743
0.000844661
0.00167991
0.00312545
0.00139712
0.000637303
0.000780901
0.00201719
0.00111151
0.000353045
0.00106469
0.00170013
0.00194534
0.00154824
0.000617535
0.000566288
0.0014909
0.00125687
0.00334057
0.00129894
0.00160013
0.00426284
0.000598144
0.000413244
0.000503369
0.000761315
0.00139026
0.00151486
0.00145208
0.00320723
0.000311441
0.00896613
0.00503521
0.00169101
0.00114368
0.00102071
0.00103876
0.000806992
0.00124462
0.00156042
0.000789416
0.00225699
0.00179125
0.00149957
0.00123035
0.00187986
0.000648839
0.00284057
0.00110766
0.000814535
0.00176268
0.00203997
0.00409539
0.00107411
0.00154597
0.00127317
0.00075229
0.00189823
0.000413055
0.00116839
0.00108008
0.00101256
0.000660802
0.00163557
0.000989614
0.00224984
0.000500103
0.00405153
0.00181339
0.003584
0.00150789
0.000515605
0.000795231
0.00249703
0.000405741
0.00101307
0.00158455
0.000673429
0.000943887
0.000876346
0.000573849
0.0066754
0.00111897
0.00273382
0.000603748
0.000938044
0.00216265
0.000373108
0.00216285
0.00153291
0.000295871
0.00034707
0.000522245
0.00449934
0.0012473
0.000935792
0.00303627
0.000477488
0.000681272
0.000651582
0.000726778
0.00111214
0.00206046
0.000754549
0.000490232
0.000410604
0.00102434
0.00147302
0.000568679
0.00262234
0.00120902
0.000332654
0.000649594
0.00119897
0.00190255
0.00108817
0.000594657
0.000996172
0.00121441
0.00133196
0.00146781
0.000639654
0.000762034
0.00124079
0.00108201
0.000521688
0.000999474
0.000934923
0.00554232
0.00106643
0.000504097
0.000703774
0.00093076
0.00287338
0.000924531
0.00210501
0.000587012
0.00368886
0.000988024
0.000521888
0.0019827
0.00095127
0.00318222
0.00170795
0.00101905
0.0019387
0.000366186
0.0011902
0.000873658
0.000671369
0.000661626
0.00102929
0.00109947
0.000639579
0.00210709
0.00173165
0.00132566
0.000525948
0.000540069
0.00365273
0.00169565
0.000675587
0.000865968
0.000815593
0.00216734
0.00109764
0.00073627
0.000495393
0.00156798
0.000692849
0.00129971
0.0018223
0.000518541
0.00141796
0.00202985
0.000760505
0.0014943
0.000356117
0.00121296
0.000466291
0.000723957
0.00272656
0.000802686
0.000601858
0.000840881
0.00129938
0.000875994
0.000607412
0.00110268
0.000422116
0.00169638
0.00023448
0.00225408
0.00193047
0.000787
0.000861043
0.00110073
0.000119779
0.000766563
0.000677561
0.00122655
0.00122284
0.000629885
0.00118752
0.000634136
0.000718955
0.001774
0.000618222
0.00132817
0.0023051
0.00357865
0.000879806
0.000701291
0.0013279
0.00300286
0.000852056
0.000394453
0.00182722
0.00103517
0.000937496
0.00231183
0.0032529
0.00083944
0.0008934
0.00196176
0.000596896
0.00246777
0.00191123
0.000293726
0.00273237
0.000913749
0.000445868
0.000393855
0.000461393
0.000741965
0.00078202
0.000356408
0.00155909
0.000390763
0.00200741
0.00104642
0.000342925
0.000704603
0.00219004
0.000898059
0.000396967
0.000637587
0.00118684
0.00152904
0.00103022
0.000547615
0.000532605
0.000398905
0.00152359
0.00109189
0.00155896
0.00116526
0.000845308
0.000583821
0.00215839
0.000973811
0.00187062
0.0010362
0.000738124
0.000593531
0.000492454
0.000453524
0.000526025
0.000750285
0.00116443
0.000693017
0.000758813
0.00712093
0.000557734
0.000818661
0.00084933
0.00167949
0.00117844
0.000193386
0.00130331
0.000455054
0.000563058
0.00352149
0.00123732
0.000815647
0.000649391
0.00152782
0.00102165
0.000810674
0.00183031
0.000474851
0.00139329
0.00157832
0.001274
0.000912238
0.00239169
0.00165701
0.00093347
0.00409568
0.000646724
0.00346558
0.000583765
0.000539674
0.000879875
0.00114934
0.000163537
0.000601763
0.000984726
0.000681506
0.00040264
0.000596956
0.000811487
0.000841821
0.00059963
0.00117668
0.000850147
0.000696487
0.00246333
0.0011022
0.00149669
0.000961361
0.00124986
0.00124912
0.000802909
0.00177527
0.00163846
0.000239528
0.0012977
0.00130101
0.00109124
0.000506138
0.000784748
0.000713266
0.00120515
0.00258895
0.0010405
0.00109124
0.000673921
0.00194047
0.00435543
0.000369027
0.000951089
0.00265962
0.00166423
0.0004862
0.00149629
0.000749021
0.00163392
0.00025997
0.00100372
0.00160071
0.00112424
0.00197329
0.000347728
0.000837375
0.000711742
0.0013923
0.00118902
0.000609676
0.00138331
0.000958487
0.00170543
0.00167315
0.000550637
0.00123969
0.000851995
0.000209897
0.000287971
0.00229462
0.00058279
0.00069779
0.00160461
0.00138591
0.0013496
0.000996764
0.00202981
0.00167808
0.00129167
0.000417503
0.00146107
0.00130696
0.00094473
0.00072254
0.000261752
0.0011057
0.000823845
0.00194678
0.000426375
0.000711036
0.00136061
0.000302346
0.000862652
0.000548287
0.000706851
0.00143387
0.0011072
0.00140062
0.000538585
0.000328664
0.000728173
0.000764471
0.000852396
0.00178085
0.000936925
0.00330615
0.000644962
0.00134933
0.000606158
0.0003266
0.000714009
0.00131733
0.000563496
0.000913848
0.00125176
0.000788448
0.00420276
0.00144229
0.00113133
0.000527834
0.00275829
0.00116045
0.000275699
0.00137473
0.00171529
0.0015796
0.000991393
0.00146046
0.000974956
0.000574303
0.000259919
0.000818421
0.00130071
0.000989494
0.000741248
0.00063965
0.000729621
0.0010049
0.00108512
0.000226622
0.00254841
0.000636723
0.00180924
0.000566343
0.000361679
0.00083914
0.00174375
0.00109649
0.000934008
0.000971063
0.000837053
0.00135446
0.000739581
0.000835063
0.000915953
0.00142347
0.000939743
0.00160129
0.00067808
0.00121614
0.00201666
0.0018805
0.000379233
0.000429805
0.00241375
0.00125708
0.000749049
0.00100302
0.00123303
0.00089555
0.00152236
0.00200028
0.000465401
0.00143723
0.000355459
0.00135157
0.000962384
0.00165492
0.0019711
0.00169021
0.00022212
0.00109561
0.00293457
0.000185566
0.000564374
0.000241561
0.000520628
0.00109938
0.00107005
0.000860578
0.00144399
0.000343116
0.000372248
0.000609896
0.000407071
0.00178073
0.00220714
0.00107245
0.000488655
0.000481052
0.00162526
0.000391877
0.00208049
0.00102274
0.000875065
0.000646323
0.000307917
0.00106208
0.000436586
0.00119558
0.00171709
0.000245784
0.00145543
0.00328712
0.00113661
0.00267798
0.00571146
0.00081688
0.00118591
0.00101722
0.00202845
0.000460939
0.000800822
0.00218679
0.00167063
0.00104115
0.000624409
0.00100466
0.000955235
0.000618852
0.00174555
0.0019583
0.00320952
0.000715682
0.00234804
0.00109794
0.000851468
0.00425521
0.00364124
0.00159319
0.000919092
0.00511518
0.0012026
0.00108882
0.000265887
0.000729977
0.00120673
0.00124377
0.00112678
0.0029202
0.0022727
0.000415618
0.00133413
0.00149312
0.000299533
0.00612616
0.000431019
0.0020954
0.000682082
0.00070549
0.000988812
0.00097772
0.0032371
0.00233993
0.000740871
0.00121345
0.00240624
0.000792137
0.000895165
0.000715599
0.00212221
0.00082126
0.00141854
0.000937177
0.0027794
0.00105137
0.000452369
0.00096927
0.000684112
0.00166856
0.00217075
0.000936943
0.00237912
0.000264081
0.00029678
0.0020204
0.000648784
0.00152038
0.00110415
0.00162898
0.000509243
0.000543277
0.00071789
0.000758341
0.00131635
0.00116837
0.0011318
0.000512529
0.000422977
0.00380606
0.00100123
0.000633878
0.000321606
0.00126078
0.000795946
0.00182648
0.00106806
0.000669948
0.00194376
0.00122312
0.00106051
0.000431503
0.0020967
0.000572412
0.000454621
0.000647739
0.00199351
0.00116765
0.00075351
0.00274838
0.000728297
0.000944851
0.00108579
0.000894813
0.000987452
0.00133695
0.000137365
0.000278133
0.000592386
0.0011726
0.00244072
0.000740713
0.00126888
0.000841165
0.000556376
0.000849648
0.000700702
0.000711268
0.00142864
0.000610914
0.00160619
0.000361288
0.00317673
0.00198834
0.00211544
0.000413016
0.00104123
0.000599502
0.000594129
0.000753547
0.00091288
0.00125875
0.000401571
0.00219334
0.00104274
0.00115107
0.000832966
0.00191134
0.00104571
0.00072677
0.00387856
0.000723924
0.000800904
0.00127514
0.00046144
0.000264911
0.00189886
0.00241016
0.000431517
0.000728466
0.00153356
0.00493099
0.00201515
0.000635961
0.000969992
0.00141959
0.00100864
0.000718964
0.00131983
0.00158417
0.000877823
0.00145405
0.000986736
0.000443362
0.00285366
0.00155482
0.00173491
0.00085216
0.000343628
0.0017688
0.000866337
0.00106265
0.00132894
0.00137095
0.00043419
0.00100663
0.00245937
0.000966396
0.00118487
0.0032196
0.00445384
0.00487157
0.00279265
0.00198466
0.00439443
0.000808092
0.000972221
0.00200171
0.000918793
0.00110228
0.00111625
0.000903665
0.000581488
0.000802265
0.000585147
0.000770553
0.00120852
0.00109586
0.0026515
0.000990344
0.000397942
0.00165788
0.00167672
0.00156113
0.00131622
0.000761253
0.000576814
0.0019326
0.000970364
0.000557261
0.00168173
0.000258741
0.000700062
0.00077152
0.000780436
0.000471667
0.00265614
0.00158349
0.0030295
0.000757645
0.00115526
0.00147702
0.00221637
0.000548236
0.0014666
0.00161676
0.00249403
0.00202063
0.00121047
0.00140885
0.00107049
0.00159375
0.00293248
0.00126476
0.00366502
0.000454799
0.000752698
0.00131607
0.00175223
0.00186867
0.00247706
0.00126059
0.00278025
0.00137157
0.000345618
0.00161175
0.000470843
0.000764534
0.00118102
0.000422712
0.00167936
0.00071717
0.00108408
0.0013784
0.00150499
0.00047243
0.00281609
0.00105171
0.00182187
0.000520434
0.00160717
0.000386302
0.000508787
0.00143303
0.000482735
0.00099255
0.000532397
0.00121821
0.000685459
0.000751921
0.00114546
0.00438056
0.000469006
0.00380626
0.000395606
0.00110512
0.00129701
0.00139294
0.000470664
0.00032086
0.000280208
0.000863917
0.000498733
0.00119712
0.000797042
0.00173261
0.000234842
0.000563967
0.00109831
0.00243184
0.000605018
0.000800578
0.00188204
0.000923637
0.00111141
0.000675231
0.00263143
0.000963471
0.000324849
0.00174571
0.000626901
0.000197083
0.00140721
0.000798538
0.0014641
0.000467976
0.0013892
0.00147196
0.000386736
0.0014901
0.00240564
0.0011748
0.00142482
0.00189829
0.00143894
0.00193967
0.00104789
0.00496589
0.00161605
0.00207955
0.00136808
0.00174032
0.0010624
0.000796874
0.00232623
0.00220023
0.00130178
0.000485733
0.000855552
0.00176433
0.0014478
0.000674504
0.00215877
0.000892391
0.001541
0.00543626
0.00287221
0.000916157
0.000963348
0.00124358
0.000361788
0.000826999
0.00111046
0.000725269
0.000388151
0.00105692
0.0017302
0.00100879
0.00111238
0.00051387
0.00445947
0.000621858
0.00172781
0.000884286
0.00106543
0.00134387
0.00144385
0.00159614
0.000579286
0.00083369
0.000727733
0.000674527
0.00177958
0.000263233
0.00144799
0.000772256
0.000960682
0.000768268
0.00196588
0.00137753
0.00106959
0.000747155
0.0026599
0.000899892
0.000512065
0.000749163
0.00169004
0.00185498
0.000730273
0.000774553
0.000822467
0.00107952
0.000563747
0.000770591
0.000774689
0.000529264
0.00149378
0.00136175
0.00152633
0.00188036
0.000771807
0.000319874
0.000557162
0.000619918
0.000971605
0.00142106
0.00115274
0.00117511
0.00103551
0.0009099
0.000394827
0.00042226
0.00145912
0.00135926
0.00209054
0.00331911
0.000893514
0.00106674
0.00208268
0.000741381
0.000478161
0.00310335
0.000420971
0.0012569
0.000699654
0.00129186
0.00062021
0.000362814
0.001569
0.0014645
0.00027987
0.000858304
0.000417204
0.00220493
0.00182275
0.000430305
0.00149961
0.00419543
0.000590142
0.00128917
0.001318
0.00132275
0.00189064
0.0012275
0.00353405
0.000914289
0.000936501
0.00159687
0.00108771
0.00143201
0.00158529
0.00149763
0.000659456
0.000168911
0.00041489
0.000336956
0.00133859
0.00220363
0.00220482
0.000688324
0.00145517
0.00200905
0.000601579
0.000870719
0.0012984
0.000450906
0.0001153
0.000286979
0.000335104
0.00080769
0.00057757
0.00130039
0.00160679
0.000305101
0.000439855
0.0018769
0.000725241
0.00104994
0.00235868
0.00141075
0.00206448
0.00136622
0.00106954
0.00103872
0.00120575
0.00102046
0.00240128
0.0041437
0.00516283
0.000257315
0.00137538
0.000398726
0.00077171
0.000607083
0.00092448
0.000409374
0.00120175
0.00103175
0.00143141
0.00126732
0.00221619
0.00151769
0.00158831
0.00378844
0.00261517
0.00157153
0.00129244
0.0018514
0.00149459
0.00207864
0.000332116
0.00125607
0.00149303
0.00127494
0.00121015
0.00084647
0.00132361
0.000896032
0.000750488
0.000568194
0.00232715
0.00276207
0.0011962
0.00322041
0.00019255
0.00181163
0.00161507
0.000436102
0.00212161
0.00119061
0.000650692
0.0013074
0.000272059
0.000418629
0.000983469
0.000500536
0.000285154
0.000801224
0.00100208
0.000209145
0.00110223
0.000212863
0.000718193
0.000235383
0.000695291
0.00137774
0.00135775
0.00552131
0.0026147
0.000607652
0.000813599
0.000290833
0.00268617
0.00259158
0.00824362
0.000645304
5.17685e-05
0.000980501
0.000581522
0.00109569
0.000236372
0.000344757
0.000957689
0.00235697
0.00108932
0.000245565
0.000237053
0.000735534
0.000308086
0.00157043
0.00275761
0.00125656
0.000951153
0.000432851
0.000928075
0.00227356
0.0011936
0.00137131
0.00138293
0.000286995
0.00119153
0.0029261
0.00207309
0.000508545
0.000981801
0.00310637
0.000611769
0.00117291
0.00215387
0.0010407
0.00224796
0.000605552
0.00104963
0.000332149
0.00089934
0.00168373
0.00141589
0.00101613
0.00437548
0.00159939
0.00101199
0.000538885
0.000802279
0.00121007
0.000899384
0.000946621
0.00137706
0.00391345
0.00351294
0.00208797
0.000322518
0.000708489
0.000955246
0.00133933
0.00102231
0.000375294
0.000700182
0.00104737
0.00157711
0.000258317
0.000965492
0.00276237
0.00547245
0.00138491
0.000686507
0.000993503
0.000961885
0.00779479
0.000184884
0.00126389
0.000817816
0.000832102
0.000716699
0.000959793
0.00153332
0.0002616
0.000793282
0.00189727
0.00360039
0.000782616
0.0011551
0.000761243
0.00132257
0.000940951
0.000250072
0.00167093
0.00181376
0.000126549
0.00141174
0.000873665
0.000360176
0.00125747
0.000956652
0.000986627
0.00458573
0.00424132
0.000575178
0.00125426
0.000531356
0.000158114
0.000764888
0.00105393
0.00389339
0.00122939
0.00119359
0.00150642
0.000132718
0.000552415
0.000272302
0.000898237
0.00146138
0.00094156
0.000993315
0.000714248
0.000971042
0.00113177
0.0035259
0.000716368
0.00177073
0.000355829
0.000730937
0.00383107
0.000876647
0.00128823
0.000925621
0.000732712
0.000424615
0.000932734
0.000552579
0.00133643
0.00309737
0.00069926
0.000447653
0.000570654
0.000845627
0.00104607
0.0011346
0.0006887
0.000909928
0.00128954
0.000146171
0.000929825
0.00119856
0.000891037
0.000873811
0.000638755
0.000554659
0.000844434
0.00395253
0.000320903
0.00124986
0.000984053
0.000817266
0.00153453
0.000974393
0.00179887
0.000954828
0.000782877
0.00333313
0.00153667
0.000763822
0.00111989
0.000698394
0.00151101
0.00117439
0.000410122
0.00199873
0.00126411
0.00142367
0.00671744
0.00119657
0.00176357
0.00186429
0.00371801
0.00214919
0.000983202
0.000630247
0.000553562
0.000251116
0.000960146
0.000670713
0.0015584
0.00108919
0.000956462
0.00131895
0.000190792
0.000509337
0.00105615
0.000823147
0.00153924
0.000352401
0.00186309
0.000852536
0.000607011
0.00353079
0.00211828
0.00109819
0.000764277
0.00191217
0.000722518
0.00295066
0.000687969
0.000948065
0.00142981
0.000735859
0.00134541
0.00188194
0.000931131
0.000443958
0.00132255
0.00424829
0.00361179
0.000564037
0.000209436
0.00113681
0.00146371
0.00077236
0.000841601
0.00156667
0.00206653
0.00143616
0.0017105
0.00124768
0.00208888
0.0010752
0.000898808
0.00128391
0.000171607
0.00183441
0.000550587
0.000893276
0.0011068
0.00141725
0.0016077
0.00149073
0.00101074
0.00188819
0.00254584
0.00832863
0.000164306
0.000605104
0.00125248
0.00173696
0.000783076
0.00140955
0.00154315
0.000374646
0.0017914
0.00152224
0.00070926
0.00148745
0.00106495
0.000671386
0.00247581
0.000332807
0.000341904
0.00164113
0.0022361
0.00155742
0.00283529
0.000352842
0.000975146
0.00245315
0.000572933
0.00178621
0.000997607
0.000347164
0.000722759
0.00106713
0.000646819
0.00019344
0.000141619
0.00436331
0.000302852
0.00279426
0.000407102
0.000957133
0.00432881
0.000511806
0.000868467
0.00272394
0.000676571
0.00178652
0.00143354
0.00181971
0.000963012
0.000514215
0.00118503
0.000375792
0.00182516
0.00104172
0.00119625
0.000518298
0.00123873
0.00140525
0.00170986
0.0013577
0.00130145
0.00100794
0.00120406
0.00152305
0.000805157
0.00154953
0.00114954
0.00240142
0.000642937
0.00142468
0.000981642
0.00148938
0.000542429
0.000930269
0.00190954
0.00133146
0.00096688
0.000951229
0.00595355
0.00404838
0.00196498
0.00151073
0.00420771
0.000889387
0.00143376
0.00170141
0.000604638
0.000561963
0.00078491
0.00124467
0.00208166
0.00173748
0.00250331
0.00113359
0.00125732
0.000595783
0.000153086
0.000257527
0.00143372
0.00091755
0.000612358
0.0011757
0.000674332
0.000234986
0.000765278
0.0005365
0.00167106
0.00133124
0.000720518
0.00159346
0.00118242
0.00014219
0.000879733
0.00155778
0.00537239
0.0037777
0.000543948
0.000393843
0.00193809
0.000852554
0.00153573
0.00161273
0.000502778
0.000495853
0.00109985
0.00219895
0.0014391
0.00141351
0.00102054
0.000393546
0.000837093
0.0012581
0.000836065
0.00109148
0.000843918
0.00187519
0.00252731
0.00133351
0.00140111
0.00459355
0.000949604
0.00177443
0.000379936
0.0121015
0.000712001
0.000113727
0.00042055
0.00027981
0.000466253
0.00267537
0.00445585
