0.000116934
0.000712209
0.00107195
0.00186081
0.000353533
0.00116048
0.00101713
0.00204931
0.00150408
0.000953634
0.000827417
0.00152615
0.00076828
0.000467366
0.0003954
0.000831966
0.000976635
0.00078433
0.00042059
0.000784477
0.00015111
0.000285173
0.00131242
0.000508455
0.000334355
0.000359435
0.000558133
0.000496849
0.000451772
0.000469274
0.000732012
0.000256549
0.000400507
0.00115831
0.000824938
0.00112878
0.000319767
0.000155591
0.000109449
0.000205947
0.000489483
0.000186758
6.5395e-05
0.000181493
0.000343298
0.000121645
0.000309231
0.00043476
0.000533738
0.000543983
0.0014462
0.000490725
0.000539473
0.000407691
0.000751742
0.00100604
0.000349483
0.000316155
0.000531472
0.000906727
0.000925202
0.000279472
0.00153451
0.00141482
0.000172198
0.000448761
0.000447923
0.00122186
0.00056639
0.000214269
0.000376116
0.0009066
0.000581771
0.000364772
0.00222568
0.000471399
0.000791813
0.0006001
0.000297776
0.000198197
0.000969502
0.000179823
0.000443784
0.000187348
0.000480499
0.000482009
0.000500086
0.000625961
0.000375271
0.000352541
0.00104971
0.00016186
0.000451262
0.000186655
0.000563768
0.000706095
0.000397376
0.00063308
0.000286794
0.000393855
0.000392628
0.00103735
0.000549116
0.000730172
0.000176854
0.000878113
0.000660725
0.000581631
0.000578493
0.000645456
0.000616848
0.000684829
0.000537214
0.000535313
0.000104613
0.00102438
0.000250018
0.000752767
0.000892836
0.00100254
0.000254493
0.000408375
0.000355592
0.00100235
0.00114628
0.000352496
0.000603248
0.00179501
0.00171874
0.000816909
0.00087689
0.000954191
0.000762646
4.60743e-05
0.000385202
0.000109344
0.000696456
0.00111992
9.87979e-05
0.00105651
0.00143107
0.000379927
0.000752116
0.000217093
0.000509683
0.000109646
0.000482407
0.00072758
0.000220111
0.000931547
0.000409758
0.000478231
0.000411651
0.00065891
0.000195182
0.000528049
0.000496864
6.28508e-05
0.000359226
0.000249008
0.000113821
0.00107044
0.000485961
0.000815017
0.00117179
0.00186594
0.000270152
0.000738892
0.000799436
0.000563657
0.000680546
0.000732424
0.000642676
0.000155408
0.000353786
0.000896469
0.000435055
0.00013055
0.00040691
0.00076749
0.000737018
0.000494584
0.000370973
0.000691566
0.000501533
0.000461508
0.00171155
0.000410551
0.00077869
0.000282383
0.000485488
0.000257081
0.000600089
0.000450579
0.000280327
0.000480883
0.000397773
0.000313284
0.000733956
5.04756e-05
0.00032098
0.000658806
0.000775965
0.000496158
0.0002994
0.000282804
0.000722724
5.15484e-05
0.000347988
0.000367942
0.00011418
0.000533948
0.000475126
0.000133235
0.000230952
0.000488695
0.000756656
0.000607284
0.000285374
0.000753543
0.000888519
0.00072509
0.00158325
0.00108921
0.00145936
0.000779535
0.00165167
0.000237284
0.000473892
0.00025513
0.000370319
0.000951152
0.000353884
0.00015121
0.000155518
0.000518193
0.000673499
0.000795079
0.000445012
0.000239783
0.000238325
0.000340649
0.000112829
4.69126e-05
0.00123995
0.000762438
0.00046071
0.000366954
0.000291619
0.0031906
0.00132595
0.00302421
0.000337738
0.000369958
0.00157647
9.43603e-05
0.000445581
0.000738898
0.00132431
0.00154313
0.000923573
0.000780515
0.000630682
0.000338054
0.0025498
0.000745431
0.00114532
0.00094456
0.00356823
0.000423712
0.00151137
0.00444657
0.000309302
0.000404811
0.000583666
0.000356067
0.000948648
0.000333908
0.000289448
0.000148628
0.000240418
0.000252744
0.000996425
0.000261988
0.000364959
0.000557612
0.00137667
0.000137164
0.000270265
0.000182545
0.000236082
0.000486195
7.5235e-05
0.000508401
8.73615e-05
0.00138982
0.00016659
0.000668443
0.000394741
0.000791235
0.000446288
0.000348688
0.00026137
0.000720771
0.00216475
0.00113341
0.000491079
0.0023556
0.000389641
0.000397285
0.000288703
0.000321948
0.000451602
0.000317323
0.000473672
0.000559195
0.000406969
0.000529951
0.00061618
0.000573098
0.000872025
0.00144195
0.000505619
0.000508752
0.000511603
0.0030649
0.000248514
0.000602819
0.00241928
0.000412346
0.00156121
0.000381226
0.000246449
0.000319139
0.000495652
0.00167027
0.000401981
0.00035855
0.00015772
0.000694864
0.000533472
0.000736403
0.000158299
0.00039648
0.000424121
8.64604e-05
0.000250489
0.000113797
0.000638082
0.000358996
0.0001083
6.21316e-05
0.000431889
0.000545476
0.000108571
0.000925621
0.00114611
0.00028273
0.000404181
0.000527943
0.000466845
0.000435784
0.0003548
0.00127999
0.000288132
0.000484853
0.000150837
0.000607351
0.000717327
0.000610971
0.000287131
0.000465452
0.00715934
0.000296138
0.00051596
0.00244555
0.00499987
0.00173376
0.00350688
0.000263043
0.00377678
0.00173801
0.00230798
0.00439371
0.00089043
0.00201234
0.000344218
0.00113916
0.00278264
0.00232715
0.000546407
0.00308728
0.000241566
0.000439523
0.00157664
0.000974526
0.00665155
0.000475914
0.000456579
0.00116425
0.00420989
0.000699896
0.00150885
0.000238894
0.00349154
0.00012032
0.000280154
0.00324354
0.000283765
0.00227689
0.00431779
0.000408942
0.000857732
0.00253981
0.00135427
0.00200509
0.00477573
0.000341125
0.00105856
0.00273041
0.000379082
0.00073953
0.0048706
0.00623056
0.00488889
0.000541377
0.00656018
0.0016024
0.00329457
0.000935142
0.00157889
0.000554856
0.00275367
0.000645384
0.00044669
0.000781893
0.00635355
0.000430146
0.00023933
0.000365068
0.00265602
0.00648812
0.000348999
0.00251378
0.00436639
0.000336895
0.00388394
0.00125052
0.00506302
0.000343203
0.000661896
0.00256323
0.000385877
0.000613211
0.00592502
0.00630858
0.00058617
0.000444092
0.00107841
0.00474771
0.000528722
0.00306696
0.000330145
0.00222207
0.00059104
0.000352908
0.000585572
0.00243309
0.00123936
0.00363411
0.000479636
0.00201372
0.000236449
0.00387687
0.00191315
0.00233195
0.00245211
0.00194648
4.30201e-05
4.37064e-05
0.000458542
4.88824e-05
0.000365091
9.3037e-05
0.000104269
0.000127807
0.000121141
5.45847e-05
6.76281e-05
6.65728e-05
4.61712e-05
8.61909e-05
5.57227e-05
0.000101129
5.33261e-05
3.96582e-05
4.3702e-05
