0.00231296
0.0130772
0.00535112
2.17463e-05
0
0.000365772
0.00136925
0
0
0
0.0040677
3.23864e-05
0.00015852
7.93433e-05
0.000159814
0.0222879
0.0045061
9.0539e-05
0.000172246
0.000561086
0.0234616
0.0240053
0.000157715
0.00388265
0.000706917
0.00188577
0.0206821
0.0114175
0.000129938
0.00269969
1.41586e-05
0.000156822
0.00112952
4.69493e-05
3.41912e-05
1.81678e-05
2.80492e-05
0.0160733
0.0124779
0.0152176
0.00819938
0.00153004
0.00853805
0.00010267
1.61333e-05
0.0153103
3.51246e-05
2.53039e-05
0.000305686
0.000842458
0.0132881
9.12906e-05
2.99251e-05
0.000180588
0.00114045
4.886e-05
6.97725e-05
5.74288e-05
0.00468253
0.000135001
2.67324e-05
2.70078e-05
1.73904e-05
2.90722e-05
0.000236663
3.4684e-05
0.000639491
9.38841e-05
4.39577e-05
1.99554e-05
3.15625e-05
0.0147048
0.0113032
0.0093889
1.70944e-05
1.73999e-05
0.00457455
0.00877976
0.00837119
0.00121664
1.9341e-05
6.52031e-05
6.14586e-05
0.000235231
4.61651e-05
0.0130364
0.0130629
0.000138227
2.9104e-05
2.00709e-05
1.88644e-05
2.40606e-05
0.0098962
0.0010044
0.00105569
0.00415232
0.000352739
0.00107563
0.0123439
9.09931e-05
0.000231517
0.00641886
0.000322819
0.000991892
0
4.76261e-05
0.000474162
0.00295924
0.000181194
1.95456e-05
0.0240412
0.000179708
0.0127632
0.000349221
0.000193151
6.93911e-05
0
0
5.0683e-05
1.53154e-05
0.000808186
4.7683e-05
0.0128961
0
0
0
0
0
0
0.0106913
0.000245236
0.000964053
6.78061e-05
0.0416122
0.000254615
0.0264201
0.0163346
0.00981259
2.49719e-05
5.68662e-05
4.23624e-05
0.00220116
0.0007211
0.000177172
3.03169e-05
0.000113888
0.000413201
0.000586508
0.000130892
0
0.00106473
2.51888e-05
2.39072e-05
2.85266e-05
0.000997147
0.00262823
0.00119118
0.00574912
7.33543e-05
0.00477511
0.00155415
9.2494e-05
2.46721e-05
1.44597e-05
2.40428e-05
0.000210757
0.000952544
4.94077e-05
0.00110732
0.00104329
0.00128952
0.0115345
0.010588
5.5478e-05
0.00276701
4.14225e-05
0.00297119
4.49412e-05
0.0301234
3.92997e-05
3.73418e-05
6.12213e-05
3.45834e-05
1.96156e-05
2.39037e-05
0.00874185
0.0148933
0.00276521
0.0071564
0.00104979
5.5765e-05
1.96028e-05
1.23014e-05
1.63389e-05
2.2451e-05
0.00155106
0.00323986
0.00348138
0.00786032
3.6075e-05
0.000589003
1.97049e-05
0.00213636
7.07436e-05
0.00594557
0.00320445
0.0145883
0.00838301
9.27569e-05
0.0115552
0.0182283
5.398e-05
0.000675546
9.68893e-05
0.000397747
0.000539323
0
0.000180725
0.000193052
0.000177877
0.0112282
0.0108575
0
0.00332695
0
0
0
0
0
0.000178744
4.43028e-05
0.0325693
4.66459e-05
1.69348e-05
0.00771395
0
0.200765
0
0.0179442
0.000333267
0.0338944
0.00597137
9.17573e-05
0.000169071
0.00708418
2.0173e-05
7.02738e-05
5.70349e-05
0.000900926
7.3152e-05
0.034355
0.00134258
0.0024789
0.0012769
0.000344551
0.0196496
0.0014313
0
4.6191e-05
5.44426e-05
0
0.240149
0
0.00269752
0.000940458
0
0.0117304
4.3774e-05
2.29485e-05
0.0197531
0.00358126
0.013176
7.45189e-08
0.0250681
0.00110368
0.00102892
0.00307514
0.00265317
0.0077839
0.0117326
0.000673265
8.56979e-05
0.00560422
2.97705e-05
0.010877
2.31052e-05
0.00265288
9.86209e-05
0.000241863
0.000165724
0.0211941
0.00495161
0
0.00746843
0.00608658
4.73097e-09
0.00347758
0
9.55343e-05
0
2.80439e-05
6.14084e-05
8.28822e-05
0.0127359
1.61195e-05
0.00193152
4.52883e-05
0.000152826
9.82605e-05
0
0.00118152
0
0
0
0.0446774
1.57689e-05
0.000499273
0.00463767
0.000582197
0.000201552
0.0123934
0
0.0015577
2.69186e-05
1.62746e-05
0.00619009
0.0161206
0.0119536
9.74119e-05
0.00327276
0.0240695
0.00947643
1.87625e-05
0.000695209
0.0270404
7.20237e-05
0
0
0.238024
0
0
0
0.00111943
0.0123517
0.0028874
0.00320816
0.00246675
0.000800883
0.000775206
0.00507559
0
0.000150938
2.15223e-05
0
0.00228028
0.000784721
0
0.0368298
0
0.0419852
0.000931548
0
0.000275867
1.85401e-08
0.00572763
1.56642e-05
1.55106e-05
1.21502e-05
6.96583e-05
0.00175276
0
0.000545387
0.00952096
3.16889e-05
0.000429811
0.00145708
0
0.00184156
0.000173132
8.09664e-05
0.00102139
9.80649e-05
0.01039
0.000108693
0.000620182
0.00727268
0.00842907
0
0
0
0.00592453
0.000108478
0.000305646
0.000801077
0
2.1176e-05
0.0193984
0
0
1.00655e-05
0
4.20987e-07
0.0285838
0
0
0.00415518
5.00809e-05
0
0
0.00631791
0.0411063
0.00221822
0.00639835
0.00387892
0
0.00551623
0.00114374
0.000200116
0.00111106
8.10786e-05
2.16044e-05
2.5957e-05
0.000171221
0
0.00498451
3.37228e-05
0.00054882
0.00013238
0.000329861
0.0157431
0.00352859
0
0
7.27327e-05
0.00409931
0.00345463
3.91209e-05
0
0.0343985
0.00230625
0.00287638
0.00898466
0.0247659
0.00154817
0.000158029
0.000121159
0
0
0
9.83091e-05
0.0137017
0.0254218
0.000571864
0.000317001
0.00163117
0.000950679
6.91489e-05
0.000768893
5.25244e-07
0
0
0
0
0.000529329
0
0.00160085
0.0290142
0.00277816
0
0
0
0.0127061
0.0238581
0.00674979
9.30128e-05
0
0.000143279
9.95483e-05
8.855e-05
0.000214712
0.00969461
3.39516e-05
0.0443351
0.0131126
0.0115291
0.00147345
8.27931e-05
4.81472e-05
0.0199181
6.18115e-05
0
0
0.00032641
0.00490147
0
0
0
0.000782994
0.00127951
0.00310041
0.0107565
0.181428
0.00720952
0.00135085
0.000911697
4.23967e-05
0.00296226
0
0
0.00378423
0
2.66194e-05
0.00270116
0.00972436
0.000303132
0.00241068
0.0140343
0.0250663
0.0178091
0.00284026
0.0012238
0
0.0049825
0
0.0156207
0
0
0
0.00177821
0.018221
0
0.000134411
0.000920791
2.31734e-05
2.92849e-05
0.00626186
2.03918e-05
0.000134824
3.60941e-05
2.66447e-05
1.48149e-05
0.00165439
0
0.0178905
0.00455754
6.62804e-05
2.02276e-05
0.0456199
0.0134237
0.0175562
4.7771e-05
0.000138508
0.000237335
0.00334768
0.0212724
7.03906e-05
0.00185074
0.00734203
9.91587e-05
4.91478e-05
0.0174341
0.00680624
0
0.00320557
0.0104773
0.00142762
0.0184605
0
0.0014256
0.000667794
0
6.31984e-06
0.037102
0.0269497
0.000596189
0.0202743
0.00772762
0.000355584
0.00343026
0
0.00681387
0.000909705
0.0296917
0.0355166
0.000238968
0.00466209
0
0.000657549
0.00889719
0.000264441
1.80172e-07
0.0187921
5.15649e-05
0.00668027
0.0473535
0.000437925
0.000862418
0.000843158
0.00136705
0.00255503
0.00530194
2.05064e-05
0.00500515
0.00447207
3.29552e-05
0.000206637
0.000696199
0.00119388
0.023903
8.65952e-05
0.00458804
0.0049536
0.0077342
0.241666
0
0
0
2.5993e-08
0.00346749
0.00171923
3.2754e-05
0.0150652
0
2.42904e-05
0.0153352
0.00575799
0.000115042
0
0
0.00305531
0.000606717
0.00480317
0.0174968
0.0422909
2.17285e-05
9.61299e-05
0
0.000366463
6.22987e-05
4.57853e-05
0.00157756
3.19871e-05
2.51595e-05
0.0466351
0.00548936
0
0
0
0
0
1.93881e-05
0
1.93392e-05
0.000103819
0.000892546
0.0148418
0
0.000109308
2.1525e-05
0
0
0
0
0
1.64222e-05
5.85939e-05
0.000998015
0.000285889
0.00853067
0.00963492
0.00173083
2.91563e-05
2.40507e-05
1.54433e-05
3.24348e-05
0.0134302
0.00137981
0.00039144
0.000704478
0
0.0129844
0.000109024
4.96036e-05
9.2162e-05
3.03461e-05
0.000153885
0.000180637
0.000118236
0.0014208
0.000110922
0.0109987
0.000131753
0.00105958
0.000270378
0.000385682
7.11168e-05
2.52024e-05
2.10096e-05
1.71399e-05
0.000581199
0.0135886
0.00342852
0.00244473
0.00937509
0.000527789
0.00366898
0.00443667
0.0104078
0.000797037
0.0144842
0.0206163
0.00188044
0.00503506
0
0.000218654
0.000513414
6.9938e-05
0.00813821
0
0.00132086
0.0114395
0
0.000119706
0.00167613
0.000113509
0.000630006
0.00549635
0
0.000976152
0.00279549
0.000378681
3.63097e-05
3.75531e-05
2.74357e-05
0.000186278
0.013607
0.000408575
2.83831e-05
1.53642e-05
2.10126e-05
0.000215516
2.2023e-05
0.000430518
4.92409e-05
4.08913e-05
0.000349487
9.52507e-05
0.000154663
0.000650544
5.15336e-05
0
8.49826e-05
0.00228206
0
0.00388234
0.0157244
0
0.000152305
2.73795e-05
0.0121149
0.0149841
2.42773e-05
0.00012214
0.00503418
0.00413671
2.8808e-05
0.000202299
0
0.000173557
0
0.00833789
0.000536595
0.019362
0.000180481
0.000178506
0.00223172
3.70312e-05
0.000164571
0.00233868
0
2.51388e-05
1.91069e-05
3.01911e-05
0.000112899
0.00058464
0
0.000807943
0.202986
0.243493
0.000494128
6.13393e-05
0.000530274
0.000105228
0.00442518
0.000407846
0.00486217
0
0
0
6.87637e-05
0.000204256
0
0.000196656
0.00026542
0.000150532
0.0351138
0.00282107
0.000597654
0.00197764
0
0.00986115
0.00277937
0.000476138
0.0119177
0
8.06409e-05
0.00147385
0.000239517
0.00102987
0
0
0.000331492
0.00163881
0.00209806
0.00629805
6.09606e-05
0.00663415
0.000239304
0.000330412
0.0101311
0.00254341
0.0259931
0.0125354
0.00115916
0.0179305
0.020806
0.000170239
0.00294542
0.000961171
0.0455255
0.0157334
0.000356117
0.0036971
0.00151238
0.00738607
0.00842084
0.000236893
0.000331335
0.000687344
0.00185242
0.00653123
0.000764735
0.00577312
0.00160634
0.0213471
0.00161392
0.0219732
0
0.000161134
0.00588008
0.0316746
0.000375572
0.0121239
0.0127058
0.0069313
0.00135843
0.000427303
0.008214
0.0059569
0.00585808
0.000489184
0.000251345
4.7957e-05
6.99341e-05
0.00010403
0.00012588
5.88238e-05
0
0
6.55289e-05
2.83066e-05
0.000125372
0.00292538
0.000154743
0
0
0.000665753
0.00103242
8.71588e-05
0.00411589
0
0
0.000149727
7.67277e-05
0.0232483
3.63362e-05
9.01257e-05
0.000759134
0.000111083
0.000271881
0
0.00496795
0.0135005
5.14498e-05
0.00282209
0.000234207
5.27672e-07
0.00206479
0.00112404
5.12701e-05
0.00385616
0.02009
0.0206055
0.000859283
0.0045843
0.00285256
0.00769292
0.012345
0.0033732
0.0237627
2.35164e-05
0.00020944
0.000435107
0
0
0
0
0.000155895
0.023031
6.13694e-05
0.00563821
0.0223772
0.0116775
0.00248202
4.72089e-05
0.000632254
7.07568e-05
2.83596e-05
1.22753e-05
8.17792e-05
0.000122109
0.000365469
0.0111585
0
0.0116708
0.00302563
0
5.04031e-05
0
0
0.0122721
0.0239286
3.24938e-05
0.00269494
0
0.000101546
0
0
0
0.00979618
0
0.00128189
0.00295699
0.00933343
0.00338039
0
0
0.000708266
0.000195685
0
0
0.00711865
0.0213044
9.1835e-05
5.28265e-05
0.0201902
0.0360414
0
0.0167513
0.00489622
0.00327843
0.0065254
0
0
0
0
0.0252675
0.00337951
0.012789
0.00101165
0.0173337
0.0122797
0.000131866
0.0383293
0.000141539
0.00120019
0.00146918
0.00307741
5.38351e-05
0.00235241
0.0144388
0.00671527
0.00214336
0.0084192
0.00431222
0.222403
0.000350713
0.00228774
0.0217669
0.00659172
0.00276737
0.00034451
0.00166034
0.000308669
0.00285483
0.000790512
0.000224632
0.00480938
0.00690459
0.00174499
0.00248131
0.00905334
0.00233331
0.0255526
0.0197696
0.0116641
0.000552249
0.00665052
0.0200732
0.012457
0.000524826
0.00216672
0.000829118
0.0387861
0.000163329
0.00202068
0.00790227
0.000669424
0.000111365
5.582e-05
0
0.00298057
0.000137316
0.000204285
0.00878301
0.0166281
0.00212186
0.00975505
0.0147462
0.00150967
0.00233354
0.00014875
3.12359e-05
0
0.00344822
0.00666386
2.76896e-05
0.00136294
0.00125248
0.000691632
0.0417795
0.0161931
0.000109887
0.000837737
0.00232761
0.000379823
2.06197e-05
7.54495e-05
0.00349412
0.00681219
0.00553386
0.00464022
0.0142081
0.000272545
0
0.00207207
0.00599733
0.000101873
3.73736e-05
0.0450477
4.96441e-05
3.46237e-05
0.00144328
0.00134023
4.66569e-05
0.0112551
0.0008972
0.00916007
0
0.000209545
0.00138182
0
0
2.70911e-05
0.000566575
0.00600455
0.000497914
0
0.000137211
0.000132084
0.00335946
8.5178e-05
0.000203684
0.000220147
0.000108514
0
0.000331711
0.000201
7.75048e-05
0.00111094
0.000268468
0.000422135
0.000359767
0
0
3.3311e-05
0.00039085
0.00467813
0.00648526
0
0.00159887
0.000514688
4.9439e-05
0.000717762
0
0.00101655
0.000769498
0.000437692
0.00517917
0.0309454
0.000870934
0.00268459
0.0132452
0.00281312
0.00067065
0.00317458
0.00924843
0
0.000865536
0.00206593
0.00117121
0.00162055
0.006801
0.000634627
2.49427e-05
3.06253e-05
0.0036055
6.2689e-05
0.00123253
0.000609294
2.95467e-05
0.00768314
9.76997e-05
0.0232435
4.51174e-05
4.90484e-05
2.41402e-05
0.00872618
8.04911e-05
3.76429e-06
7.08183e-05
0.00026003
5.99684e-05
0.00012804
0.000249993
0.0021865
3.79199e-05
0.00775053
0.000853012
0.000371597
0.000537666
0.00049385
0.000173719
0
3.97508e-05
0.000874247
2.5247e-05
5.58369e-05
9.24893e-05
7.96288e-05
2.57871e-05
0
0.0380816
0.00311439
4.77454e-05
0
0.000422377
0
0.0136289
0
0
0.00277527
0.000792054
0
0
0
6.70727e-05
0
0.000122832
0
0
0.00462903
0
0
0.000995738
0.0102915
0
0
0.023847
0.000412205
9.39939e-05
0.00941367
0.0025442
0.0297067
0.00398384
0.00130276
0.00407551
0.0457056
0
0
0.0106417
0.00186697
0.00185769
0.0044619
0.0220784
0.000366518
2.67536e-05
0.000950885
0.000337381
0
0
0.000139797
0.000101338
0.000302577
0.00912121
0.000196595
0.0114628
0.238596
0.0193322
0.00179977
0.00203581
6.73153e-05
0.000155008
0
0
0.000541269
0.000574423
3.08715e-05
0.00280081
0.000208724
0.0377245
0.000210818
0.0183439
4.54855e-05
5.59514e-05
9.31352e-05
0.0119731
6.89589e-05
0
0
0
0
0.0033666
1.9391e-05
0.000235157
0.000190278
0
0.0333101
0.00904777
0.00465793
0.000704125
0.00270289
0.00118648
3.76971e-05
0.00619697
4.27322e-05
0.012959
0.015333
0.0154312
0.000271889
0.00029359
0.00162255
0.0404204
0.000209325
0.00397053
0
8.89709e-05
0.00536246
6.35294e-05
0.000860944
0.00216088
0.0193192
0.0153778
0.000134229
0.00446638
0
0.0505163
0.000542316
0.000391348
0.000822574
0.00150716
0.00462646
0.00267958
0.000157891
0.00407147
6.51189e-05
0.00365541
0.000646276
0.00187755
0.000904649
0.00374048
0.0220957
0.0214246
0.0133778
4.24603e-05
0.000348495
0.000123368
0.000614016
0.00203503
0
0.00123207
0.000731019
6.59494e-05
0.0112392
0.0114397
0.000748701
0.000731242
0
0.000118081
0.0105269
0.000137134
0.000161059
0.000788658
0.00391991
0.0135963
0.000585774
0.0160718
0
0.000195269
0
0.0155651
0.00181189
0.00352165
0.0385335
0.0183338
0.0227012
0.00480431
0.00258109
0.000494473
0.000141363
0.0210894
0
0.000955102
0.0124387
0.00333877
0.00409747
0.00330401
0
0.000417843
0.0049332
0.00770189
0.0209182
0.00440181
0.0133476
0
0.000602464
0.00100337
0.00674112
6.16667e-05
0.000455772
0.00266189
0.0430701
0
0.00154469
0.0245242
0.0044013
0.00161267
0.000455779
0.0286631
0.000931726
0.0051155
0.00362059
0.000678123
0.018802
0
0.000601274
0.00410559
0
0.000681894
0.0128961
9.18848e-05
0.00161633
0.00210706
0.00478593
0.00112091
0.00363618
0.0330827
0.0455421
0
0.000916903
0.00387037
0.0118517
3.41977e-05
0.00744388
0.000218608
6.20301e-05
7.93885e-05
0.000899484
0.0102975
0
0
0
0.000360411
0.000140148
0.000194572
0.000608297
9.63256e-05
0.000248321
5.53942e-05
3.60552e-09
0
0
0.000559889
0.000784958
4.11903e-06
0.000437768
9.09269e-05
0.000634835
7.00436e-05
2.88464e-05
1.70764e-05
6.84695e-05
0
0
0.00105235
2.22187e-05
7.14935e-05
7.84889e-05
0.00478898
0.0114487
7.82361e-05
0.00337345
2.79456e-05
0
0.000116986
0.0179683
0.00152523
0.00772486
0.0114069
0.000526838
0.000352058
0.000177771
0.00933975
0.000204951
0.000131183
0.00495353
0.00288614
0.000282202
0.0177945
7.43889e-06
0.00188997
0.000152727
0.00297696
0.000169489
0.00111718
0.000119501
2.38953e-05
0.00375647
0.00101179
0.00107705
0.0130641
0.0153238
0.000753465
0.00433735
0.0120574
0.0256655
0.0101061
0.00981197
0.000303385
0.0148842
0
0.000506115
0.00357552
0.00369635
0.000623437
0.000912781
0.0049126
0.0335191
0.00112167
0.00117009
0.000473815
0.0145036
0.0132569
4.84263e-05
0.0014133
0.00202065
0
0.00406074
0.0142722
0
0.00076415
0.0039316
0.000629336
0.00406291
0.235957
0.00100824
0.00288465
3.66343e-05
0.000225771
0.000914637
0
0
6.08826e-05
0.000200498
0.0432418
0
0.000250596
0.00437837
0
0
9.70559e-05
0.000124378
0
0
0.000185915
0.000601002
0.000509266
3.9633e-05
0.0054026
0.0011892
0.000281252
0.00157727
0
0
0.0019295
0
0.000111071
0.0191373
0.000144678
0.000185541
0
1.16765e-06
0.000141215
0.00463815
0.0160599
0.0136171
0.0160612
0.0168064
0.00297656
0.0170156
0.00916439
0.000687729
0.0252257
0.019941
0
0
0
0
5.30174e-05
0
0.001328
0.00481696
0.00529176
0.000114927
0.241772
0.00550391
0.0212289
0.0229275
0.0170383
1.17087e-05
0.00412058
0.0249448
0.0349467
0.0389647
0.00241747
0.0180491
0.00309549
0.00260332
0.017014
9.32441e-05
1.65011e-05
0
0
0.0090045
