0.000740105
0.0016448
0.00170612
0.00107941
0.000153882
0.000279179
0.00121263
0.000578598
0.00049525
0.000285196
0.000775323
0.00114447
0.000236002
4.36153e-05
0.00024774
0.000494122
0.000715098
0.000924284
0.000146257
0.000477993
4.64251e-05
0.0005988
0.000205415
0.000499559
0.000431695
0.000272958
0.000709704
0.000919111
0.00095845
0.000763752
0.000801623
0.000911605
0.00103525
0.000697124
0.000822043
0.000952469
0.000565899
0.000412965
0.00117479
0.000732014
0.000242605
0.00106638
0.000322934
0.000161396
0.00080929
0.000806539
0.000873064
0.000695461
0.000439064
0.00138943
0.00116212
0.000822628
0.000440347
0.000501557
0.000746435
0.000198651
0.000180713
0.000819264
0.000632644
0.000193424
0.000118576
0.000347762
0.000954903
0.000691168
0.00103863
0.00150095
0.00116267
0.000604941
0.000506355
0.000194143
0.000667939
0.0011293
0.000854365
0.000854054
0.00115323
0.00062615
0.000441218
0.000313743
0.00106388
0.00115409
0.00096897
0.000791521
9.65328e-05
0.00101162
0.000326065
0.000882175
0.00159317
0.0032086
0.00100539
0.000872116
0.000636897
0.00112444
0.000928738
0.000431461
0.00187374
0.00044571
0.00114973
0.000126675
0.00167795
0.000480187
0.000370364
0.000469233
0.000565894
0.000794253
0.000806092
0.000543765
0.00083192
0.000518068
0.000780037
0.000510411
0.000833118
0.000435472
0.000482991
0.000283377
0.000434744
0.000378553
0.000382693
0.000701054
0.00104185
0.000987874
0.00160904
0.000782506
0.00027691
0.000991905
0.0011436
8.30429e-05
0.000556744
0.000984399
0.000674682
0.0014247
0.000337714
0.00108231
0.000225089
0.000729518
0.00034652
0.000997865
0.00142029
0.000616356
0.000465185
0.00072169
0.000712326
0.000803201
0.000445934
0.00100023
0.00113341
0.000432104
0.000601971
0.000862283
0.000288251
0.000464987
0.000338745
0.000490903
0.000482806
0.000695027
0.000685792
0.00127478
0.00186504
0.00151037
0.00153713
0.000731429
0.000397965
0.000641645
0.000408267
0.000592063
0.000489
0.000263594
0.000530449
0.000753029
0.00109063
0.000497042
0.000538611
0.00053467
0.000158445
0.000713146
0.00033208
0.000222589
0.000717905
0.000741086
0.000590441
0.000938123
0.00150137
0.000238364
0.000700999
0.000407174
0.000501671
0.000343714
0.000365741
0.00050976
0.00031267
0.000854036
0.000559388
0.000344112
0.0002877
0.000657128
0.000446256
0.000711
0.000784757
0.000385623
0.000145687
0.000136326
0.000942294
0.00102572
0.000396486
0.000326134
0.000366885
0.000591476
0.000104277
0.000174429
0.000125953
0.000652518
0.000687673
0.000468571
0.000498763
0.000211105
7.46781e-05
0.000535914
0.000519122
0.00043424
8.6915e-05
0.000676352
0.000369485
0.000367939
0.00011141
0.000977516
0.000306402
0.000417217
4.47737e-05
0.000145129
0.000545392
0.000709349
0.000512971
0.000470041
0.000466133
0.00194797
0.000427408
0.000418388
4.88275e-05
0.0003894
0.00083903
0.000472389
0.000329146
0.00030546
0.000116799
0.000129856
4.47713e-05
0.000405531
0.000384936
0.000587597
0.000260698
0.00056506
0.000563028
0.000225349
0.000120921
0.000337721
5.51802e-05
0.000373715
7.47345e-05
0.000640164
0.000178921
5.01275e-05
0.000708963
0.000459905
0.000983088
0.00141646
0.000329734
0.00101411
0.000879766
0.000115483
0.000273276
0.000313379
0.000124036
0.000496508
0.000186235
0.000141423
4.84133e-05
0.000407683
9.30609e-05
0.000487574
0.000611345
8.94585e-05
0.00131562
0.000918198
0.000269165
0.000375562
0.00146311
0.000510977
0.000949871
0.00439192
0.00306304
0.00518324
0.00226799
0.00243147
0.00121057
0.00245812
0.0023569
0.00211569
0.00153671
0.00237399
0.00105873
0.00134349
0.00354119
0.00279867
0.00214765
0.0113644
0.00244253
