0.0011056
0.00396274
0.00258015
0.00265055
0.000602707
0.000730527
0.00351297
0.00313085
0.00429502
0.00159575
0.00250384
0.0017356
0.00171805
0.000687566
0.00220939
0.0015459
0.00594793
0.00060904
0.00339383
0.00388648
0.00351611
0.00176606
0.000733293
0.00287439
0.00692839
0.00149437
0.00432062
0.00385533
0.00084554
0.00184522
0.00220562
0.00302306
0.00350293
0.00142223
0.00793525
0.00262744
0.00185882
0.003977
0.00524971
0.00444645
0.00419905
0.00325719
0.000221227
0.00738901
0.00626768
0.00369489
0.00749721
0.0031452
0.00423347
0.00226579
0.00180703
0.00155686
0.010411
0.00349153
0.00230503
0.00329481
0.00195143
0.00134716
0.00380545
0.00237862
0.00064182
0.00283179
0.000853434
0.00161352
0.00343839
0.000896483
0.00185997
0.000308525
0.00304046
0.00204291
0.00170711
0.00191151
0.0023501
0.00516777
0.0047224
0.00720666
0.00281669
0.0033731
0.00126421
0.00411848
0.00138176
0.00422384
0.00252391
0.00289489
0.00162972
0.000202681
0.00175808
0.00266148
0.0102857
0.00318552
0.000854635
0.00104307
0.00312848
0.0017379
0.00520833
0.00042093
0.00416081
0.00378552
0.0030506
0.00301826
0.00114973
0.00242669
0.00194583
0.00416767
0.000467015
0.00367162
0.000553954
0.000698959
0.00102043
0.00355186
0.00196851
0.00415653
0.00168005
0.00503395
0.00203556
0.00389447
0.00253726
0.00402786
0.00160329
0.0026697
0.0125287
0.00285515
0.000958878
0.0017316
0.00114656
0.000660286
0.00220985
0.00189206
0.00224423
0.00345488
0.00116671
0.0012658
0.00360579
0.00339076
0.00381588
0.00160863
0.00294507
0.00166154
0.0042514
0.000883008
0.000953642
0.00395193
0.00148296
0.00496469
0.0028994
0.00203758
0.0035028
0.00192511
0.000516142
0.00379222
0.00299277
0.0021331
0.00132709
0.00402907
0.00295893
0.00229762
0.00328228
0.00259818
0.000975955
0.00274146
0.00206323
0.00200804
0.00129221
0.000749496
0.00365807
0.00121796
0.00101025
0.00173787
0.00140153
0.00443667
0.000447416
0.00322618
0.00521483
0.000817184
0.00181972
0.00113587
0.003304
0.000268703
0.00118307
0.00172538
0.00135601
0.00224639
0.00400958
0.00242587
0.00153352
0.00116058
0.00116145
0.000989346
0.00293198
0.00374631
0.0041197
0.00443732
0.00213583
0.000793794
0.00257176
0.000642745
0.00281291
0.00470296
0.00471186
0.00308344
0.00222576
0.00526142
0.00297657
0.0026191
0.00297148
0.00581445
0.00238093
0.000989989
0.00205655
0.00335047
0.00170973
0.00160121
0.00107765
0.00259149
0.00041679
0.00549325
0.00238444
0.00676732
0.0029881
0.000892087
0.00181998
0.00132087
0.00195425
0.00089759
0.00344178
0.00266223
0.00536141
0.00231888
0.00129377
0.00304673
5.8601e-05
0.000774843
0.000303809
0.00286407
0.00279463
0.00266328
0.000361849
0.00166296
0.00267562
0.00175623
0.00200574
0.000675971
0.00391259
0.00261669
0.000555981
0.00218138
0.00518511
0.000810721
0.00533182
0.00436008
0.00241621
0.00386836
0.00108243
0.00293626
0.00387581
0.00184948
0.00369247
0.00468465
0.00633655
0.000268515
0.00447568
0.00269074
0.00253261
0.00237303
0.00276855
0.00172674
0.00380032
0.00246813
0.00133263
0.00161353
0.0022933
0.00121194
0.000617624
0.00323217
0.00340706
0.001573
0.00141695
0.00359193
0.00320407
0.00292643
0.00336207
0.00367615
0.00393024
0.00176689
0.00463251
0.000949672
0.000358079
0.0032202
0.00211947
0.000224979
0.00242913
0.00105665
0.00152701
0.00204557
0.00397391
0.00149738
0.000734566
0.0031373
0.00188968
0.00460026
0.0021095
0.000999193
0.00609271
0.00408937
0.00313751
0.000725248
0.000513574
0.00193158
0.00106095
0.0032356
0.00364711
5.23753e-05
0.00296254
0.00289291
0.00139791
0.00416328
0.00361561
0.00334906
0.00104448
0.00573451
0.00123093
0.00111798
0.000628025
0.00218756
0.000211217
0.00266888
0.00128728
0.00180487
0.0018383
0.00105841
0.00338375
0.000514192
0.00162764
0.00279511
0.000622893
0.000931226
0.00235636
0.00098884
0.00271974
0.00382613
0.000270208
0.0068626
0.00298475
0.00122855
0.00110829
0.00135965
0.00144077
0.00216982
0.00228815
0.00379902
0.00109355
0.00108012
0.00106342
0.00188462
0.00193302
0.00134225
0.000786932
0.00179235
0.000451643
0.00245753
0.00172487
0.000295398
0.00267147
0.00417066
0.000444204
0.00153343
0.00211287
0.00255127
0.00301837
0.00607695
0.00239824
0.00511858
0.0027286
0.00134901
0.00339258
0.00252595
0.00214198
0.0032199
0.00321795
0.0057439
0.0010846
0.000766564
0.00144907
0.000452209
0.00115987
0.00521266
0.00441037
0.000310178
0.00181066
0.00584947
0.00264015
0.00574202
0.00562961
0.00139906
0.000927633
0.00156815
0.00175699
0.001019
0.00210541
0.000827629
0.00102384
0.00302571
0.000703798
0.00265618
0.00172771
0.00272056
0.000700867
0.00208423
0.00441802
0.000732488
0.00140759
0.00125183
0.0012999
0.00171449
0.00183094
0.00229492
0.00209691
0.00166811
0.00280053
0.00113565
0.000408722
0.0017131
0.000315719
0.00369675
0.00226208
0.000843603
0.000350406
0.00170549
0.00144656
0.00193085
0.000823045
0.00179169
0.00166886
0.00189758
0.00170122
0.00331199
0.000707679
0.00550352
0.00304713
0.00244139
0.00332164
0.00335425
0.0014175
0.00394208
0.00542589
0.00361011
0.00493941
0.0028011
0.00336766
0.00372991
0.00199841
0.00120884
0.00513098
0.00429305
0.00315797
0.00344541
0.00486486
0.00409415
0.00281386
0.00327505
0.00116492
0.00554912
0.00333728
0.00200622
0.000299825
0.000837379
0.001377
0.000617823
0.00332173
0.0036302
0.00509848
0.00145977
0.00116955
0.00503966
0.0020984
0.0030623
0.00813524
0.0015602
0.00373979
0.00367367
0.00142663
0.0012991
0.00461908
0.00303923
0.00033235
0.00148174
0.00689308
0.00256218
0.00292671
0.00161408
0.0022203
0.00306046
0.00235186
0.00102452
0.000639383
0.00372827
0.000637361
0.00228547
0.00325741
0.00268363
0.00235056
0.000803367
0.00370127
0.00136696
0.00323824
0.00406597
0.00466168
0.00264773
0.00243008
0.00433015
0.00233505
0.00108748
0.00237575
0.00301427
0.00153544
0.00159789
0.00184605
0.00170191
0.00521166
0.00193475
0.00280636
0.000549636
0.00266842
0.000999339
0.000930227
0.00244735
0.00103058
0.00346098
0.00241554
0.00183013
0.00107811
0.00192041
0.00388277
0.0046618
0.00135952
0.00287614
0.00158638
0.00292029
0.00564446
0.00420608
0.00167252
0.00193002
0.00143154
0.00267172
0.00597129
0.00358137
0.00387334
0.00265114
0.00189238
0.00254941
0.00353211
0.000562327
0.0052943
0.000876223
0.00213163
0.00181587
0.00645325
0.00313409
0.00259743
0.00254556
0.00407279
0.00179806
0.00396576
0.00522908
0.00513042
0.00226784
0.000783803
0.000606776
0.00144541
0.00188095
0.00302819
0.00283966
0.00261416
0.00283544
0.0014059
0.000868668
0.000584691
0.0030676
0.00123587
0.00302879
0.00217737
0.00101539
0.00101852
0.000908337
0.00178913
0.00139137
0.00465625
0.00381839
0.00141615
0.00228002
0.00371743
0.0026599
0.00131495
0.00202472
0.00348844
0.00369602
0.00442801
0.00082413
0.00478245
0.00212653
0.000722067
0.000500516
0.00226618
0.00106593
0.00274285
0.00277136
0.0021166
0.00109879
0.00596186
0.000956182
0.00164014
0.000766688
0.00113807
0.000851838
0.00306787
0.00323367
0.00133625
0.0035712
0.00185515
0.00104784
0.00166131
0.00158337
0.00236247
0.000589373
0.000959617
0.00295438
0.00064862
0.00334319
0.00153214
0.00259593
0.00107993
0.00232727
0.00218216
0.00139439
0.0016711
0.00146925
0.00104504
0.00188277
0.00115468
0.00245582
0.00345467
0.000390805
0.00140145
0.00147183
0.00239696
0.00142123
0.00367445
0.00120457
0.000633586
0.00129514
0.00112381
0.00323009
0.00217726
0.00298179
0.00282781
0.00085347
0.00268349
0.00901998
0.00330984
0.00382139
0.00195753
0.00469055
0.0020276
0.00344524
0.00189915
0.00181533
0.00320799
0.0022778
0.00196688
0.00115864
0.00098023
0.00155981
0.000529523
0.00280597
0.00125186
0.000792013
0.00011303
0.0023216
0.00394533
0.00258626
0.00247531
0.00310348
0.00392728
0.00349249
0.00139436
0.00144747
0.00241941
0.00195623
0.00137845
0.00181098
0.00155674
0.00294706
0.00136168
0.0040317
0.0034712
0.000929833
0.00166487
0.00373566
0.00436785
0.00568676
0.00184773
0.00263599
0.00222836
0.00135452
0.00234702
0.00640393
0.00338116
0.0023317
0.00260816
0.00395727
0.00192381
0.00167347
0.00389483
0.000819757
0.0068841
0.00348061
0.00116375
0.00309529
0.00275958
0.000665158
0.00113659
0.00358177
0.0033698
0.00807083
0.000442525
0.00337274
0.00225863
0.00394816
0.00313909
0.00348096
0.0036394
0.00135637
0.00184714
0.0046077
0.00175816
0.00221998
0.00255945
0.00145952
0.00523674
0.00340964
0.00402635
0.00107511
0.00238428
0.00275651
0.00109697
0.00164485
0.00178359
0.00359851
0.00276747
0.00120573
0.00210077
0.00204659
0.00135599
0.00166553
0.00158938
0.00304596
0.00243361
0.00268983
0.00297369
0.00655941
0.00164572
0.00164877
0.00358368
0.00481313
0.00122027
0.00642594
0.00277383
0.00331419
0.00173938
0.00324665
0.005833
0.000483258
0.00287393
0.000278922
0.00206447
0.0015652
0.00372681
0.00147406
0.00179736
0.0012076
0.00196733
0.00165053
0.00106577
0.00329611
0.000417095
0.00432906
0.00193716
0.00171895
0.000792111
0.000587986
0.00273756
0.00402728
0.00326645
0.000104087
0.000808901
0.00245808
0.00306054
0.0038764
0.00291388
0.00248818
0.00182195
0.00411643
0.00184304
0.000582396
0.0012949
0.00180887
0.0011901
0.000705643
0.00510833
0.00371208
0.00152082
0.00271687
0.000693071
0.00112112
0.00230135
0.00278171
0.0046975
0.00121699
0.00451092
0.00247134
0.00272918
0.00208063
0.0023403
0.00528187
0.00249729
0.000416182
0.00620752
0.00290443
0.00195044
0.00239113
0.00553309
0.000554526
0.00361665
0.00439891
0.00136981
0.00188301
0.00195355
0.00165993
0.00379036
0.00240507
0.00224644
0.000714561
7.41772e-05
0.00157888
0.00284443
0.0048022
0.00326759
0.0121924
0.00525715
0.00226833
0.00168893
0.00487176
0.00135456
0.00153139
0.000426276
0.00241619
0.000806968
0.0023175
0.00295089
0.00147059
0.00139702
0.0034495
0.00286599
0.00170924
0.00343986
0.00258097
0.0027968
0.00433428
0.0017635
0.00332701
0.00280821
0.00128791
0.00279924
0.00137175
0.000907914
0.000945601
0.00466597
0.00251425
0.00393871
0.00574767
0.00196968
0.00665545
0.00125038
0.00442425
0.00267325
0.0055109
0.00336256
0.00391972
0.00155471
0.00222929
0.000473049
0.00124895
0.00150682
0.00472384
0.00237898
0.00247072
0.00173563
0.00300417
0.002838
0.000674321
0.00407708
0.000699525
0.00550454
0.00251891
0.00445987
0.00362691
0.00251132
0.00255374
0.00019342
0.00144814
0.00291137
0.00273386
0.00211065
0.00160068
0.00324049
0.00475588
0.00414558
0.00360661
0.00601972
0.00222994
0.00155735
0.00524304
0.00221263
0.00164778
0.00198645
0.00106426
0.00122659
0.000849805
0.000577106
0.00169204
0.000787291
0.00121906
0.00582071
0.00282233
0.00470585
0.00319298
0.00340854
0.00401748
0.00244152
0.00185354
0.00175522
0.00275138
0.00405553
0.000537424
0.00405472
0.00135161
0.00168925
0.00183169
0.00122656
0.00229649
0.0029959
0.00196269
0.00209637
0.00158118
0.00070445
0.00208731
0.00392949
0.00374668
0.00295273
0.00168866
0.00338824
0.00247163
0.00393429
0.00306823
0.000564256
0.000456413
0.000320089
0.00561818
0.00163955
0.00134803
0.00381777
0.00491024
0.00429055
0.00110566
0.00294186
0.00131228
0.00181287
0.00234918
0.00281065
0.00188976
0.00423018
0.00260819
0.00103149
0.00293936
0.00216131
0.00124493
0.00353102
0.000866791
0.000680803
0.00222801
0.00258673
0.000511274
0.00163858
0.001656
0.003514
0.00301447
0.00624107
0.00147333
0.00119928
0.00432933
0.00208237
0.00328065
0.000881637
0.000838405
0.00297377
0.000866508
0.000866437
0.00101827
0.00269373
0.00338167
0.00143002
0.000927508
0.00436488
0.00356512
0.00378712
0.000975778
0.00221376
0.000253523
0.00110844
0.000525115
0.000747423
0.00193512
0.0011422
0.00343189
0.000506118
0.000307039
0.00196708
0.00208169
0.00164792
0.000738445
0.000703736
0.00137055
0.00221653
0.00156983
0.000963159
0.00244364
0.000337827
0.00282506
0.00100839
0.000187434
0.00434046
0.00107857
0.0039038
0.00366125
0.00289882
0.00251581
0.00214336
0.00194461
0.000310267
0.00294172
0.00350334
0.000964138
0.000922526
0.00156146
0.000100653
0.00554487
0.000818667
0.00108561
0.00335979
0.00126464
0.000365207
0.0018308
0.00357685
0.000465973
0.00128022
0.00219244
0.00135802
0.00197652
0.00751114
0.000669101
0.000130279
0.00323851
0.00142739
0.00459326
0.00164465
0.00133544
0.00788549
0.00356745
0.00461281
0.000392989
0.00036312
0.000749088
0.00159405
0.00051496
0.00117354
0.00236809
0.00345094
0.00199972
0.000114705
0.000958205
0.00376495
0.000418762
0.00184129
0.00107407
0.00155674
0.00131735
0.000502534
0.00261394
0.00188001
0.00655592
0.00179805
0.00219294
0.00418738
0.00150357
0.000205902
0.0019718
0.00139045
0.00178736
0.00167207
0.00235242
0.000298151
0.00363147
0.00140614
0.000874057
0.00324366
0.00267586
0.0024158
0.00102213
0.000662954
0.00608616
0.00564344
0.00181984
0.00160454
0.00113723
0.00293808
0.00276998
0.00107566
0.00126748
0.00091653
0.00249618
0.00072719
0.0027463
0.003807
0.00197103
0.00108591
0.00578724
0.00172388
0.00189125
0.000845636
0.00215143
0.00136122
0.0018992
0.00192705
0.00106961
0.00440582
0.00249111
0.000728347
0.00343735
0.0022262
0.00148535
0.00189754
0.00224403
0.00347031
0.00310998
0.00330335
0.00366404
0.0023043
0.00128927
0.00139367
0.00141502
0.00362317
0.00117401
0.00498411
0.00494949
0.00151342
0.00185599
0.00232911
0.00294424
0.00109033
0.0016111
0.00254844
0.000129113
0.00759612
0.000724061
0.00156573
0.00230984
0.00351436
0.00222505
0.00516441
0.00341426
0.00839918
0.00181328
0.00152406
0.00126416
0.00287222
0.000813973
0.00327927
0.00123528
0.00147133
0.00224935
0.0023148
0.000579136
0.00108368
0.00266542
0.000770579
0.00206754
0.00293794
0.00203456
0.00208839
0.00106171
2.11318e-05
0.00286916
0.0013624
0.00148374
0.00247999
0.00113201
0.00745851
0.00180229
0.00417714
0.00200164
0.000118159
0.00328864
0.00155132
0.000547787
0.000502807
0.00127853
0.000924306
0.00403752
0.00130828
0.00119468
0.00248128
0.000915799
0.00268218
0.0023318
0.00237027
0.00306068
0.00298046
0.00552582
0.00161063
0.00290524
0.00286572
0.00571898
0.00270742
0.00278951
0.000905571
0.00289075
0.00506749
0.00150612
0.00236269
0.000473143
0.00202132
0.000228993
0.00107684
0.000374427
0.00672679
0.00214677
0.00183401
0.00245171
0.00280301
0.00144052
0.00283508
0.000902888
0.00120029
0.00185029
0.000952833
0.00288659
9.21562e-05
0.00228741
0.00609494
0.00466991
0.00302909
0.00114139
0.00254304
0.00177806
0.0016577
0.00528576
0.00136528
0.00325875
0.000803322
0.00124138
0.00122005
0.00100773
0.00145236
0.0037795
0.003469
0.00540231
0.00576869
0.00254974
0.00377005
0.00241007
0.000533032
0.000913029
0.0045541
0.00409996
0.00192717
0.00136391
0.00271635
0.00826166
0.00169105
0.00110128
0.00322131
0.00419139
0.00354474
0.000991527
0.00205196
0.00334613
0.0067659
0.0031795
0.000464105
0.00205413
0.00217785
0.00149627
0.00188514
0.000448236
0.0017648
0.000443991
0.00135754
0.00181513
0.000814003
0.00435047
0.00297805
0.000915513
0.0028771
0.000844944
0.00290493
0.000726919
0.00403927
0.000803601
0.0014994
0.000425999
0.000619497
0.000834703
0.00107716
0.000173724
0.00157288
0.00353815
0.00337893
0.000212338
0.00122487
0.00123206
0.000766807
0.00171597
0.00228613
0.000646179
0.00168463
0.00108177
0.00141994
0.00163935
0.00137376
0.00301765
0.00645072
0.00255478
0.00311653
0.00132985
0.00318372
0.00152054
0.00161872
0.000941268
0.00173499
0.00248913
0.00292278
0.00389958
0.000799857
0.00182808
0.000593838
0.0031461
0.00168127
0.00432892
0.00422837
0.00198998
0.00106366
0.00282943
0.0013089
0.00515711
0.00137784
0.00100342
0.00314121
0.00292165
0.00130945
0.00179266
0.00048317
0.00298905
0.00121806
0.00249578
0.00073943
0.00195736
0.00177546
0.000114488
0.000727448
0.00100992
0.00452214
0.00132734
0.000871724
0.00272509
0.00121217
0.00309623
0.00749319
0.000701415
0.00284089
0.00171819
0.00108978
0.00216163
0.00216063
0.00152679
0.000404717
0.000756109
0.00160442
0.00119396
0.00165236
0.00178709
0.00297983
3.3195e-05
0.000441476
0.00284795
0.00390062
0.00490075
0.00317285
0.00208155
0.00169728
0.000856745
0.000954968
0.000838483
0.00206604
0.000700354
0.00171312
0.00558061
0.000438192
0.000470987
0.00367024
0.00125395
0.00198532
0.00138183
0.00318096
0.000602722
0.000546743
0.00253335
0.000842122
0.000843572
0.00144197
0.00364493
0.00220676
0.00160168
0.00294118
0.000655742
0.00282921
8.11901e-05
0.00432917
0.00191747
0.00188875
0.00322987
0.00513033
0.000999129
0.000113144
0.00210513
0.00297853
0.000807119
0.00104678
0.00180431
0.0011158
0.00281522
0.00104085
0.00118451
0.00187738
0.00140839
0.000883467
0.00234368
0.000761969
0.000320395
0.0011279
0.00833235
0.00118771
0.00527959
0.00262396
0.00151497
0.00174641
0.00169776
0.0027544
0.000498398
0.00193279
0.000674008
0.00103832
0.000734663
0.000560321
0.00140756
0.00133453
0.00414567
0.00211073
0.00330866
0.00105956
0.00400951
0.00405375
0.000570944
0.00889809
0.000574968
0.00380188
0.00248993
0.000300229
0.00201224
0.000185172
0.00146344
0.000221952
0.00138779
0.00252405
0.00277228
0.000422922
0.00351856
0.00275654
0.000698074
0.00152467
0.000774358
0.00473331
0.00107922
0.00195749
0.00132524
0.00290905
0.00116249
0.00352719
0.000503018
0.00124163
0.00438517
0.00211619
0.00430281
0.00311086
0.00368081
0.000608909
0.000705278
0.00135298
0.00300155
0.000613536
0.000748034
0.00149866
0.00294737
0.00211516
0.00231668
0.0033275
0.0015115
0.00108615
0.00108061
0.000978457
0.00498084
0.00297373
0.00220683
0.000783292
0.00357318
0.00275245
0.00067602
0.00341363
0.00169577
0.00127592
0.00139533
0.0058885
0.0014991
4.89968e-05
0.00231767
0.00163628
0.000414488
0.0034663
0.00167497
0.00340023
0.00126876
0.00136167
0.00518955
0.00594323
0.00705079
0.00818435
0.00303206
0.00209645
0.00445912
0.00129307
0.000448779
0.00126224
0.00187686
0.00137801
0.00329339
0.00230483
0.00059781
0.00130294
0.00373816
0.00364993
0.00327811
0.000729874
0.00148934
0.000783449
0.00202605
0.00198601
0.00193542
0.00070452
0.00145104
0.000521364
0.00162361
0.00048983
0.00914136
0.00199454
0.00108648
0.00177264
0.00242099
0.00233936
0.00251381
0.00383599
0.00224528
0.00130628
0.00191798
0.00303236
0.000510351
0.00119704
0.00108224
0.00229475
0.00385612
0.00187382
0.00299417
0.00395371
0.00300876
0.00262155
0.00308291
0.00180778
0.00338902
0.00330773
0.00153835
0.000581421
0.00236716
0.0013469
0.00198694
0.00100557
0.00100602
0.00547662
0.00239731
0.00192128
0.000881943
0.00259882
0.00342014
0.00103283
0.01057
0.00148257
0.0002466
0.00395006
0.00216447
0.00167594
0.00149538
0.0018266
0.00151793
0.00283625
0.00160589
0.00120335
0.00157788
0.00425425
0.00616833
0.00102449
0.00244019
0.00081544
0.00180171
0.00134864
0.0026095
0.00281229
0.000801664
0.00182266
0.002482
0.00204264
0.00211696
0.00149633
0.00633225
0.000613782
0.00156593
0.0032273
0.002033
0.00133402
0.00278711
0.00495723
0.00164907
0.00224271
0.00276896
0.00264385
0.00194606
0.00276454
0.00116668
0.00271849
0.0044982
0.00311402
0.00219286
0.00384452
0.00154028
0.00195298
0.00343536
0.00378477
0.000990461
0.000819608
0.00162821
0.000580761
0.00420056
0.00108325
0.000670784
0.00253005
0.00195896
0.000693865
0.00247755
0.00199633
0.00163176
0.000627462
0.00179588
0.00101092
0.00428837
0.00195433
0.00235595
0.00180172
0.00218762
0.00180757
0.00269054
0.00144175
0.00299096
0.00126534
0.00123089
0.00167951
0.00386833
0.000763527
0.00716636
0.00340244
0.00216199
0.00167575
0.000941707
0.00306082
0.000611288
0.000631095
0.0019033
0.0015067
0.000293501
0.00116052
0.00797858
0.00485252
0.00221695
0.00276896
0.00107746
0.00126788
0.000351442
0.00202218
0.00181243
0.00283603
0.00254503
0.00241917
0.00363115
0.000722589
0.00162567
0.00146956
0.000115113
0.000877252
0.00568838
0.00131925
0.00487797
0.000644849
0.00419201
0.00329349
0.00122805
0.00285294
0.00320169
0.00288272
0.0018664
0.00152562
0.000448133
0.00325384
0.00363367
0.00159474
0.000675511
0.00130646
0.00270693
0.000565273
0.00098643
0.00107809
0.00202412
0.00106175
0.000271673
0.00292572
0.000881747
0.00208443
0.00179737
0.00163383
0.0107483
0.0029253
0.000472582
0.00130835
0.0022762
0.00133867
0.00457577
0.000175608
0.00250934
0.0019836
0.000925156
0.00101514
0.00244578
0.00200839
0.00355399
0.00184956
0.00156342
0.000728396
0.000910461
0.00287159
0.00143814
0.000223032
0.00216792
0.00286105
0.00114166
0.00140305
0.00267785
0.00120095
0.00185493
0.00310723
0.00165595
0.000951318
0.000821923
0.00260146
0.00272245
0.00222901
0.00127798
0.0023597
0.00105774
0.000574042
0.00184928
0.00318478
0.00170074
0.00140794
0.00440025
0.00493746
0.00239296
0.00626944
0.00134976
0.00367246
0.00711581
0.00157379
0.00221044
0.00168057
0.00427236
0.00091325
0.00405139
0.000449218
0.00100784
0.0019066
0.00148067
0.00561525
0.00211838
0.00107682
0.00150084
0.00343465
0.00156318
0.00186592
0.000754678
0.00140968
0.00165493
0.00187505
0.00206395
0.00190727
0.000893937
0.000320989
0.000832697
0.00351526
0.00283705
0.00267897
0.00274786
0.00681699
0.0012676
0.000949371
0.00211513
0.000303351
0.00191476
0.00191878
0.00103901
0.000913703
0.00173796
0.000285751
0.00164171
0.00117765
0.00399934
0.00328805
0.00136374
0.0170714
0.000402375
0.00132962
0.000212228
0.00379396
0.00165531
0.000472528
0.00261718
0.00123675
0.00149291
0.00142188
0.00199554
0.000967122
0.00194828
0.00185972
0.000849004
0.00137791
0.00373482
0.00159662
0.00143766
0.00108853
0.000255417
0.00186652
0.00118625
0.00273016
0.000225764
0.00728476
0.000572178
0.00101941
0.00141249
0.000859421
0.00241775
0.000288259
0.000872771
0.000614031
0.00131693
0.00156521
0.000735094
0.00267372
0.00342193
0.000829004
0.00106164
0.002756
0.0010091
0.0024004
0.0049987
0.00299427
0.0020874
0.000513135
0.00203081
0.00233141
0.00219521
0.00549819
0.00161189
0.00215053
0.00441419
0.00205061
0.00991418
0.0007206
0.000297894
0.00173564
0.000826143
0.00094484
0.0017981
0.00289818
0.00163981
0.0030404
0.00417916
0.00148424
0.00113101
0.0016722
0.000107315
0.000547318
0.000223241
0.000915347
0.000169987
0.000979648
0.00145699
0.00364526
0.00416624
0.00274369
0.00150897
0.000832151
0.00207159
0.00372632
0.00311083
0.00077053
0.00343234
0.00117857
0.000639048
0.00325788
0.00253362
0.000511618
0.0021282
0.00212637
0.00127914
0.000580833
0.0020457
0.0061909
0.00123528
0.00223126
0.00136787
0.00362375
0.000542873
0.00124148
0.00225251
0.000945642
0.00267765
0.00293386
0.00358937
0.00307801
0.00111177
0.00173485
0.000938535
0.00107589
0.000994586
0.000733689
0.000833141
0.00436049
0.00152821
0.00177331
0.00185284
0.00333599
0.00072052
0.00150446
0.0019843
0.00223011
0.000251506
0.00414024
0.00214061
0.00549621
0.000987052
0.00251083
0.000339739
0.00398552
0.00279142
0.00103337
0.00100705
0.0018099
0.00330952
0.00202927
0.00128606
0.000750254
0.000485045
0.00171501
0.00181134
0.00123213
0.00317759
0.00148526
0.00154637
0.000756965
0.00316034
0.00278615
0.00334014
0.00256364
0.00317999
0.00326515
0.000875557
0.00256961
0.0028124
0.00418788
0.00233591
0.0023039
0.00254799
0.00235768
0.00196239
0.00260269
0.00133383
0.00547998
0.00126839
0.000852427
0.00119351
0.0018369
0.0007482
0.00402895
0.00220129
0.000760574
0.00211243
0.00336659
0.00066981
0.00256417
0.00203512
0.0022459
0.00162856
0.000988864
0.00170757
0.00290756
0.00217373
0.00166181
0.00421258
0.00350018
0.000702991
0.00106683
0.0050078
0.000968708
0.00158249
0.00220103
0.00311483
0.00221965
0.00197884
0.00464333
0.00425772
0.00704813
0.00213303
0.00104395
0.00492824
0.00247836
0.00324274
0.00227674
0.000192999
0.000774062
0.00158897
0.00180046
0.00179859
0.00220662
0.00471543
0.00192713
0.004267
0.000654372
0.00163498
0.00570208
0.0028289
0.00347088
0.000631932
0.000172839
0.00229649
0.00165935
0.00145644
0.000485548
0.0033041
0.00169182
0.000394799
0.000244021
0.000205016
0.00295851
0.00182736
0.003556
0.00203728
0.00114787
0.00109338
0.000833784
0.00192824
0.00138092
0.00276956
0.00210537
0.00234954
0.000876113
0.00184421
0.00057753
0.00180712
0.000960372
0.00109054
0.00199523
0.00376456
0.00323617
0.00177039
0.000439577
0.000966465
0.00204648
0.000974626
0.00028062
0.000785449
0.000551375
0.00222735
0.000801671
0.000855426
0.00184697
0.000704414
0.00111545
0.000548244
0.00335064
0.00188758
0.00142608
0.00174778
0.00131847
0.00225245
0.00236869
0.00614373
0.00122312
0.000887953
0.000562784
0.00121629
0.000999799
0.00176839
0.00465353
0.00182819
0.00251419
0.00255814
0.00270723
0.00325528
0.000815433
0.00197599
0.000589328
0.00239638
0.0025798
0.00391679
0.00168308
0.00220611
0.00106204
0.00325393
0.00148908
0.00329644
0.00157261
0.00311967
0.00041221
0.00126947
0.0009787
0.00114616
0.0069507
0.000805398
0.000964653
0.00147408
0.00205597
0.00235864
0.000512268
0.00231393
0.00188648
0.00147308
0.00167628
0.000547366
0.00322089
0.00132221
0.00124892
0.00133175
0.00484512
0.00237883
0.00103783
0.0014448
0.00354354
0.00167515
0.00117231
0.00283964
0.0012969
0.00322792
0.00188788
0.000235768
0.000495007
0.000849496
0.00170166
0.000495435
0.000418467
0.00296689
0.00258996
0.00299123
0.00253534
0.00121014
0.0052538
0.00177453
0.00163094
0.00381005
0.00279983
0.00106637
0.00119289
0.00209282
0.00414006
0.0021182
0.00116805
0.00481179
0.00343251
0.00207297
0.00137961
0.0021748
0.000575955
0.00174944
0.00190855
0.00303041
0.00638193
0.00206368
0.000802981
0.000913612
0.00201507
0.000152256
0.00181521
0.00161044
0.0007229
0.00135595
0.00123823
0.00250887
0.00295197
0.00204134
0.00389927
0.0027543
0.00136291
0.00246338
0.000529828
0.00486681
0.00107756
0.00222313
0.00456393
0.00520136
0.0023874
0.000179003
0.00100936
0.00615615
0.00635157
0.00062456
0.0024181
0.00171164
0.00326267
0.00148312
0.00332384
0.00126443
0.00563158
0.00125641
0.00699178
0.00264195
0.0016492
0.00279862
0.00127704
0.00356489
0.00116301
0.00464876
0.00271866
0.00410465
0.00327517
0.00312097
0.000672131
0.0014211
0.000559119
0.00162071
5.62341e-05
0.000454787
0.00137408
0.00169179
0.00121099
0.00142786
0.00109702
0.00132637
0.00587168
0.000766872
0.00120372
0.000945889
0.00133995
0.00182714
0.000841014
0.000889069
0.000530896
0.000221265
0.00174805
0.000569428
0.0046845
0.00147397
0.00298329
0.000758963
0.00451239
0.000510161
0.00174495
0.00431245
7.65242e-05
0.000899103
0.00125972
0.000151303
0.00169422
0.000398955
0.0010136
0.00220431
0.00107026
0.003172
0.00592589
0.00196974
0.00102933
0.00135769
0.00122852
0.00204829
0.000775188
0.000678779
0.000732645
0.00122564
0.000773219
0.00108005
0.00206481
0.00103891
0.000774651
0.00377629
0.00100379
0.00523716
0.00189512
0.001737
0.00258643
0.00441422
0.000655963
0.00118566
0.00512738
0.00252001
0.00802827
0.00198089
0.000506864
0.000232892
0.00305563
0.00309992
0.00130765
0.00397072
0.00297459
0.00199925
0.00288464
0.00278225
0.000379145
0.00263024
0.0050465
0.00162636
0.000839467
0.00629926
0.0027288
0.00372264
0.00108978
0.000304046
0.00165859
0.00433261
0.00187016
0.000297349
0.000542352
0.00150538
0.00168415
0.00141855
0.00514321
0.000717079
0.00179316
0.0029727
0.00113138
0.000807075
0.00196122
0.000436681
0.00274923
0.000575549
0.00128497
0.00170239
0.000630119
0.000856312
0.00133069
0.00332145
0.00302937
0.00202183
0.00235679
0.00117253
0.00289886
0.00158013
0.00188325
0.00268363
0.00032635
0.000225982
0.00620194
0.00114931
0.0010412
0.00101248
0.00249731
0.000567401
0.000635572
0.000322364
0.00182488
0.0022177
0.00105004
0.00244931
0.00240776
0.003765
0.000472119
0.00380416
0.00063318
0.00338151
0.00358863
0.000185107
0.000675505
0.00299777
0.00141961
0.00121083
0.000759722
0.0024463
0.000722621
0.00192035
0.00138003
0.00230121
0.00373766
0.00131795
0.00104195
0.00375288
0.000257231
0.00110692
0.00170522
0.00286655
0.00134707
0.00203192
0.000912033
0.000499229
0.000897112
0.0038741
0.00185598
0.00180595
0.00243064
0.000509528
0.000173463
0.00311859
0.00229714
0.000103494
0.00136023
0.00119823
0.00462957
0.00223154
0.00133599
0.00116059
0.000832188
0.000445992
0.000708426
0.00133912
0.000973533
0.000545567
0.000903502
0.00385685
0.000830498
0.00190246
0.000724371
0.0010229
0.00224533
0.00100614
0.000726198
0.000768842
0.00326878
0.00332445
0.00169861
0.00947917
0.00278624
0.000496346
0.00251915
0.0012552
0.00121935
0.00147414
0.00770819
0.000981495
0.00147361
0.00332182
0.00665892
0.00171392
0.00173873
0.000850259
0.0016809
0.00292359
0.00274596
0.000782468
0.00109495
0.00637284
0.0016504
0.000333092
0.00372964
0.00298033
0.0025115
0.00229434
0.00136769
0.00234859
0.0016381
0.00481016
0.00121295
0.00344726
0.000989179
0.00151067
0.000544776
0.00109553
0.00205121
0.00277333
0.00161036
0.00210836
0.000742766
0.00151875
0.00231952
0.00203048
0.00336318
0.00590914
0.00106841
0.00264752
0.00221071
0.00387763
0.0008064
0.00158166
0.000619278
0.00162315
0.0025059
0.000738108
0.00316126
0.000807976
0.00224563
0.00266027
0.00140342
0.00180867
0.00104437
0.00255218
0.00100854
0.00119407
0.0032213
0.00140605
0.00408555
0.000752706
0.000371044
0.00032925
0.000716285
0.00356328
0.000369704
0.00171296
0.00239982
0.00124832
0.00247431
0.00282016
0.00261838
0.00239361
0.000710285
0.00169359
0.00200211
0.000597463
0.00708513
0.00365038
0.00341613
0.0010084
0.00552828
0.00150802
0.00329757
0.00356074
0.00217293
0.00176381
0.00339525
0.00538001
0.00427393
0.0011376
0.0015687
0.00196175
0.00165957
0.00253061
0.00395723
0.00148962
0.00231757
0.00253578
0.00377392
0.00313694
0.00341299
0.00211843
0.00127265
0.00227377
0.00110033
0.0053875
0.00092394
0.00150729
0.00330173
0.000233997
0.00420801
0.00143309
0.000768542
0.000302013
0.00145904
0.00506242
0.00223641
0.00258614
0.0020644
0.00152307
0.000716298
0.000981006
0.00355418
0.00142534
0.00354936
0.00406487
0.000891606
0.000193264
0.00166734
0.00479879
0.00198268
0.00107346
0.00260119
8.2088e-05
0.0058996
0.00014877
0.00344276
0.001275
0.000455389
0.000435324
0.00347804
0.00315406
0.00114426
0.000900111
0.00378111
0.000962193
0.00272924
0.00133177
0.000626261
0.00129052
0.00080565
0.00600582
0.00406077
0.000937698
0.00266752
0.00147559
0.00272085
0.00281377
0.000414205
0.00263052
0.000640907
0.000665677
0.000614024
0.00468816
0.00244265
0.00157629
0.00349455
0.00763107
0.00543791
0.00477
0.00144793
0.00101105
0.00221092
0.0031109
0.00125249
0.00366652
0.00158516
0.00048383
0.00189222
0.0020514
0.00221466
0.00261199
0.00234231
0.00332647
0.00105317
0.0030811
0.000301791
0.00262416
0.00565269
0.00193654
0.00368346
0.00295988
0.00306091
0.00275195
0.0020549
0.00141244
0.00220631
0.00264192
0.00193885
0.00116751
0.00237047
0.00231494
0.00256473
0.00155113
0.00170842
0.00150162
0.000119021
0.000805205
0.00172058
0.00716936
0.0023448
0.00220532
0.00149943
0.000799157
0.00146544
0.00450891
0.00115174
0.00125927
0.00095557
0.00112329
0.00207171
0.00523599
0.000462446
0.00121464
0.000285545
0.00299819
0.00106102
0.00152832
0.00030673
0.00254339
0.00205704
0.00363453
0.00120027
0.0018862
0.00189975
0.0019977
0.00249847
0.00128824
0.00272179
0.00254414
0.00278363
0.00514103
0.000711944
0.00133772
0.0028026
0.00472214
0.00142027
0.00697821
0.000840615
0.00364634
0.00851887
0.00735882
0.0041213
0.00109629
0.00617868
0.00165373
0.00124725
0.00273457
0.0018356
0.00582716
0.00157877
0.00422309
0.00218101
0.000459843
0.000499969
0.000631038
0.00127661
0.00377117
0.00119988
0.00121605
0.0028148
0.00142215
0.001477
0.00338688
0.000683879
0.0017856
0.00372424
0.00052884
0.00153704
0.00132762
0.00548208
0.00255846
0.00206416
0.00138928
0.000284345
0.00225885
0.000385643
0.004484
0.00631713
0.00232408
0.000765354
0.00301657
0.000846848
0.00475296
0.00153891
0.00133289
0.00203748
0.00140858
0.00141643
0.000215913
0.00159086
0.00123329
0.0015001
0.00224164
0.000602363
0.000285671
0.000434751
0.00117454
0.000947496
0.00135051
0.00358879
0.00158926
0.000810094
0.00203536
0.0012989
0.00302135
0.000395713
0.000911537
0.000269311
0.000579509
0.000657267
0.00136117
0.00137039
0.00112865
0.00253462
0.00105021
0.00219266
0.000610241
0.000956327
0.00193907
0.00140186
0.00105178
5.36885e-05
0.00374356
0.005206
0.00117307
0.00297535
0.00182014
0.000798215
0.00430379
0.000909115
0.0026857
0.00320715
0.0031253
0.00159281
0.00142047
0.000934561
0.00102259
0.00236296
0.00120105
0.00134277
0.00194273
0.000577133
0.00533716
0.00050021
0.000560214
0.00162673
0.00130338
0.000188011
0.00242845
0.000857053
0.00103254
0.00105651
0.00113128
0.00257741
0.000351767
0.000917996
0.000446017
0.000507726
0.000383168
0.00142509
0.00231374
0.00143735
0.00280215
0.00150463
0.00243816
0.0012204
0.00242866
0.00134659
0.00117837
0.00198182
0.00273288
0.00246081
0.00212904
0.00140591
0.0009355
0.000827166
0.00195028
0.00144798
0.00306723
0.00060296
0.00226589
0.000901657
0.00125077
0.00159211
0.000675402
0.0010583
0.00347135
0.000428858
0.00100684
0.00314798
0.00130599
0.000478982
0.00406217
0.00357628
0.00504347
0.000807299
0.00570661
0.00572381
0.00386068
0.00467288
0.00203962
0.00110222
0.000869679
0.00348429
0.00129213
0.0025585
0.00195946
0.00132911
0.00086434
0.00188267
0.000521612
0.000555551
0.00234982
0.00196372
0.00164303
0.000692854
0.000719378
0.0013384
0.00277658
0.000957246
0.00475272
0.00700735
0.000396611
0.00400401
0.00068661
0.00296367
0.0007117
0.00040514
0.00266183
0.00147398
0.00227499
0.00287851
0.000763594
0.00384888
0.00325404
0.00155356
0.00134843
0.00190223
0.00361571
0.00200459
0.000903736
0.00121014
0.00192471
0.00112442
0.00026568
0.000218753
0.00159035
0.00201387
0.00124228
0.00172369
0.00186935
0.00270789
0.00114188
0.00206848
0.00202151
0.000839817
0.000533208
0.000705163
0.00180155
0.00040426
0.00202131
0.00198661
0.000989237
0.000627901
0.00159219
0.00272096
0.00100671
0.00178972
0.00160872
0.00304282
0.000920056
0.00215253
0.00120363
0.000863168
0.00139359
0.00203715
0.000876406
0.00331599
0.0029175
0.00153073
0.00182932
0.0013262
0.000411554
0.00310914
0.00143604
0.00353173
0.00166616
0.00292489
0.00121159
0.00171746
0.00192326
0.00399417
0.0017425
0.00135808
0.000556069
0.000283615
0.000747422
0.00180163
0.000935105
0.00278964
0.00330292
0.00095776
0.00324183
0.00126481
0.00245613
0.00108267
0.00267866
0.00120584
0.00159433
0.00132782
0.00119131
0.000520863
0.00128912
0.00177378
0.00175945
0.00211237
0.00180736
0.00297042
0.00071858
0.00116211
0.000756082
0.000998591
0.00113001
0.00224587
0.0025497
0.000832369
0.00111587
0.00107639
0.0043681
0.00390213
0.00356708
0.00273725
0.0022076
0.00106207
0.00165676
0.000508354
0.000566442
0.00280637
0.00118578
0.000768611
0.00185754
0.000860838
0.000719992
0.000784352
0.00197334
0.000624392
0.00107335
0.00101904
0.00104729
0.000649971
0.000527316
0.000152496
0.00232351
0.00149161
0.00245125
0.00550609
0.00218457
0.00198032
0.000614038
0.000875582
0.00347804
0.00252104
0.00220806
0.0030404
0.000449094
0.0012206
0.000466474
0.00380367
0.00122473
0.00084185
0.00316454
0.00204148
0.00200506
0.00150168
0.0010971
0.00291694
0.00270976
0.00186827
0.00207787
0.00382235
0.000966377
0.000830345
0.00200832
0.00288787
0.00232654
0.00182717
0.00318707
0.000759877
0.000540822
0.000825484
0.00069859
0.00184714
0.00275278
0.00352731
0.000969424
0.00198466
0.00028496
0.000335433
0.00230957
0.000574951
0.0018929
0.000729053
0.00115328
0.00151405
0.00185827
0.00361823
0.00313569
0.00130498
0.00113207
0.0018738
0.0010888
0.00278881
0.00217977
0.000727946
0.00552464
0.00328216
0.00199251
0.00176616
0.00100686
0.00056115
0.00305755
0.00144857
0.00264321
0.00353255
0.00195732
0.00175704
0.00472283
0.00300768
0.00205449
0.00117319
0.00252712
0.000386878
0.00160745
0.000615949
0.000735247
0.00170744
0.00134903
0.00132669
0.00264134
0.00104545
0.00352938
0.00132273
0.00224933
0.00148149
0.00321508
0.00408971
0.00053499
0.00784458
0.00410154
0.000608501
0.00080975
0.00153247
0.00262758
0.000713192
0.00256426
0.00598481
0.0031088
0.00171088
0.000994282
0.00182042
0.00234678
0.00719384
0.000750174
9.65432e-05
0.00210563
0.000263079
0.00355001
0.00226903
0.000918807
0.00192867
0.00140724
0.00178021
0.00192089
0.00693629
0.00188042
0.00147397
0.00205321
0.00191624
0.00261496
0.00157441
0.00134264
0.00372642
0.00656891
0.00244275
0.000829313
0.00101138
0.00123808
0.00154493
0.00148656
0.00159053
0.0011577
0.00246002
0.00118334
0.000890762
0.00288399
0.00243135
0.0012652
0.000242294
0.00192802
0.00095615
0.000575788
0.00197188
0.00103245
0.00251396
0.00161146
0.000718131
0.00115984
0.000347463
0.000446052
0.000303912
0.00197747
0.000753677
0.00178894
0.00349771
0.00144857
0.000688915
0.00268899
0.0023853
0.00126582
0.000662283
0.00167802
0.00285524
0.000931189
0.00146854
0.0103498
0.00271376
0.00123652
0.00111801
0.00218808
0.00349053
0.000951486
0.000517399
0.000878666
0.00236857
0.000895091
0.00330401
0.00280231
0.00148513
0.00366806
0.000348327
0.001442
0.00089867
0.00207285
0.00244521
0.000945466
0.00109303
0.00167691
0.00222868
0.00131166
0.00497942
0.000823782
0.00169137
0.000468055
0.00129771
0.000792765
0.0010414
0.00130082
0.00222981
0.000760765
0.00427495
0.00240675
0.00139095
0.00554465
0.00128442
0.000501213
0.00391137
0.00239148
0.00196616
0.000723765
0.00216145
0.00116824
0.00159404
0.00107587
0.00368642
0.000685728
0.00112778
0.00426106
0.00415557
0.000233503
0.00344935
0.00183496
0.00281319
0.00141323
0.000843293
0.00156212
0.00106079
0.00146455
0.00232988
0.000681599
0.000874041
0.000252997
0.00510763
0.000850135
0.00420675
0.000604202
0.00352044
0.000870891
0.0171828
0.0174869
0.0175718
0.0177557
3.30828e-06
0.00259309
0.0181186
0.0181376
0.0183714
0.0184095
1.91007e-05
0.000538085
0.0343646
0.00964274
0.0543506
0.00602883
0.0284829
0.00486263
0.00151229
0.00144888
0.00377552
0.00251601
0.00127398
0.00096953
0.00321866
0.00429616
0.000871782
0.000244046
0.00102518
0.00518037
0.00129449
0.00142153
0.00298204
0.00131586
0.00613519
0.00202232
0.00236757
0.00119389
0.000440728
0.00659655
0.00176301
0.00271614
0.0025614
0.00791044
0.00152659
8.01491e-05
0.00211158
5.54013e-05
0.00366464
0.000650604
0.00180795
0.00451499
0.00291458
0.00115776
0.000340555
0.000511247
0.00138561
0.00352095
0.00219346
0.0038442
0.000460533
3.32707e-05
0.00189364
0.00457614
0.000946494
0.000467146
0.000875005
0.000493567
0.00301643
0.000617485
0.00161212
0.00206625
0.000952392
0.000418371
0.0033065
0.00150269
0.000984592
0.000348726
0.00143736
0.000843689
0.00208587
0.000903506
0.00141797
0.0024214
0.000742938
0.00188498
0.000506114
0.000874813
0.000710785
0.000836846
0.00293228
0.00140522
0.00413648
0.000471752
0.00247969
0.00768323
0.00128886
0.00412053
0.00149245
0.000251843
0.00182205
0.00252841
0.00341716
0.00108684
0.00105237
0.00186021
0.00191069
0.0023865
0.000491828
0.00128176
0.00102876
0.0041263
0.00112362
0.00199058
0.00601588
0.00284551
0.00207601
0.00181633
0.00314447
0.000996848
0.000860561
0.00149073
0.00167454
0.000764718
0.000702667
0.00174489
0.0014285
0.000352042
0.00158358
0.00189685
0.00112081
0.000771076
0.000520553
0.00149744
0.0024223
0.000778181
0.00195376
0.000934314
0.00288993
0.000886934
0.0437587
0.0022645
0.000402031
0.0686377
0.0047504
0.00288703
0.0008705
0.00211963
0.00257635
0.00257773
0.000770455
0.000383459
0.00163607
0.000327219
0.00254098
0.00161482
0.00308376
0.00251716
0.0021946
0.00407547
0.000575473
0.00337068
0.000453973
0.00357073
0.000562626
0.000340167
0.00243874
0.00253094
0.00167152
0.00285491
0.0014528
0.00155105
0.00135953
0.00179271
0.000331371
0.00236227
0.00249838
0.000369759
