0.000768474
0.00206374
0.000539306
0.00234602
0.000498088
0.000677263
0.00154541
0.0013681
0.00403416
0.000766574
0.000413196
0.00170709
0.00131429
0.000536552
0.00130149
0.000815527
0.00553585
0.000589088
0.000498103
0.0038828
0.00178934
0.00174186
0.000708036
0.00276742
0.00310432
0.00106204
0.00366314
0.00355652
0.000335384
0.00148928
0.00176612
0.00060763
0.000321519
0.000496366
0.00574175
0.000445707
0.0011401
0.00110217
0.00442981
0.00106263
0.00419654
0.00207506
9.33834e-05
0.00193739
0.00584742
0.00344617
0.00638502
0.00184255
0.00372404
0.000389232
0.00179139
0.000752703
0.00613742
0.00058247
0.00179807
0.0020748
0.00110302
0.00132708
0.00239727
0.000942634
0.000641328
0.00247792
0.000725968
0.000251851
0.00206031
0.000290646
0.00100211
0.000308349
0.00214343
0.00142576
0.000161219
9.99336e-05
0.00125578
0.000874848
0.00383411
0.00695614
0.000774553
0.00131695
0.00101506
0.00326633
0.00128447
0.00133071
0.00251857
0.00102378
0.000248182
0.000125022
0.00146931
0.00166048
0.00914247
0.00011728
0.000658468
6.74065e-05
0.0031236
0.000666557
0.00469404
0.000331844
0.00159455
0.00243776
0.00124211
0.000246155
0.00109115
0.00216558
0.000763211
0.00391325
0.000278114
0.000311026
0.000453899
0.000318781
0.00102036
0.00223114
7.79263e-05
0.00323235
0.000167372
0.00379027
0.00106441
0.000706298
0.002328
0.000925129
0.00133748
0.000718726
0.00409637
0.00275576
0.00082541
0.000466414
0.000440723
0.000555427
0.00170938
0.000759164
0.00224361
0.00312913
0.000738721
0.00109212
0.00142268
0.00285979
0.00366654
0.0010254
0.00242877
0.000890942
0.00272994
0.000592346
0.000926265
0.00319808
0.000335829
0.0026379
0.0028255
0.000125917
0.00341975
0.00191794
6.77261e-05
0.000246968
0.000315241
0.00186674
0.000477905
0.00402503
0.00226548
0.000612003
0.000314513
0.00202265
0.000678302
0.000151963
0.000121864
0.00114667
0.00076656
0.000744552
0.00176615
0.000954983
0.000846752
0.0017328
0.00134486
0.00437491
0.000242126
0.000905883
0.00512836
0.00067193
0.000499197
0.00112813
0.00304369
0.000267582
0.000944469
0.00160148
0.000517112
0.000244927
0.00377938
0.00194273
0.000296445
0.00101681
0.00115174
0.000881708
0.00178265
0.00361965
0.00126847
0.00318831
0.000474824
0.000782763
0.00234567
0.00014265
0.000728833
0.00421009
0.0041393
9.2669e-05
0.000169896
0.00409164
0.00292572
0.00172596
0.00174175
0.00403864
0.00169833
0.000705071
0.00159479
0.000271607
0.000600534
0.00157278
0.000469522
0.00256539
0.000379667
0.00416938
0.00214688
0.00658794
0.00297934
0.000864235
0.000397818
0.000625689
0.00126138
0.000424531
0.00313103
0.00021784
0.00536125
0.00204547
0.000940455
0.00149415
4.2364e-05
0.000671192
0.000300991
0.00271624
0.00158599
0.00263953
2.31988e-05
0.00148803
0.00064559
7.16808e-05
0.000661506
0.000459415
0.00389233
0.00224852
0.000425891
0.0021668
0.00513828
0.00035074
0.00340111
0.00410933
0.00032114
0.00307647
0.000993898
0.00280243
0.0032699
0.000315248
0.00368927
0.00268564
0.00449538
0.000268192
0.0025769
0.0020056
0.000350741
0.00187694
0.00116456
0.000518465
0.00282587
0.00188953
0.00131452
0.00114923
0.00212975
0.00028092
0.000522225
0.000752573
0.00220492
0.00157078
0.000741867
0.00354425
0.00129905
0.00279648
0.00205271
0.0015303
0.00119626
0.000278403
0.00233688
0.000902824
0.000346876
0.0031193
0.000477309
0.00014481
0.000479347
0.00105442
0.00133855
0.000318651
0.00328196
0.000320958
0.000700254
0.0022412
0.000944423
0.00302169
0.000431583
0.000940824
0.00562831
0.00153408
0.00191888
0.000720662
0.000469003
0.00178966
0.000692804
0.000708838
0.0029108
5.22589e-05
0.000431096
0.00264386
0.000932937
0.00400399
0.00341876
0.000180928
0.000871699
0.0057128
0.000617716
0.000746816
0.000421797
0.00213775
0.000203563
0.00207151
0.000803208
0.000881757
0.000372009
8.43267e-05
0.00070256
0.000404554
0.0006221
0.00193231
0.000443225
0.000731119
0.000539904
0
0.000891801
0.000868205
0.000257438
0.00519576
0.00258798
0.000630039
0.000337251
0.00135935
0.00143752
0.00187988
0.00149422
0.00209895
0.000777412
0.000708613
0.000922148
0.00184164
0.00144985
0.00111528
0.00078087
0.00164347
0.000439129
0.000510083
0.00171278
6.47446e-05
0.000513127
0.0034053
0.000422926
0.000381659
0.00203969
0.00182861
0.00298829
0.00477208
0.00236842
0.00306183
0.000595955
0.000948855
0.00337949
0.00110859
0.000800426
0.00077981
0.000438237
0.00550964
0.000408826
0.000131245
0.00124841
0.00027282
0.000733638
0.00389298
0.00154777
0.000310004
0.0012406
0.00262647
0.000619186
0.00573737
0.0030504
0.00138618
0.000890766
0.00129654
0.00150926
0.00051421
0.00116081
0.000754739
0.000806718
0.000911337
0.000682745
0.00196992
0.000941505
0.00262724
6.42737e-05
0.000199645
0.00202403
0.000705397
0.000595064
0.000607923
0.00121818
0.00170088
0.00179158
0.000310255
0.00172389
0.00131285
0.00119666
0.00107802
0.00013685
0.00167736
0
0.00184503
0.00196235
0.000699148
0.000281645
0.00158333
0.00113793
0.0010507
0.000796391
0.000775964
0.0016148
0.00134207
0.00151993
0.0010588
0.000541932
0.00400183
0.00021708
0.00204167
0.00163663
0.000697525
0.00139012
0.00391088
0.00460435
0.0027887
0.00271146
0.000382826
0.00223968
0.00141999
0.000869305
0.00120849
0.00309924
0.00361993
0.00123927
0.00329958
0.004369
0.00175396
0.00233357
0.00148086
0.000713706
0.00106457
0.000174005
0.00099981
0.000201425
0.000832786
0.00133519
0.000187059
0.000200912
0.00302638
0.00433125
0.00106286
0.000983386
0.00474462
0.00181874
0.00275188
0.00734947
0.0015581
0.000897906
0.000458328
0.00138195
0.00107748
0.00142072
0.00303673
0.000332318
0.00148101
0.0056664
0.000590503
0.00209051
0.000720261
0.000215665
0.00220832
0.00121057
0.000901557
0.000639326
0.00321146
0.000633783
0.00205861
0.00191879
0.00256377
0.00234315
0.000669387
0.00239768
0.00120546
0.000462822
0.00283962
0.00394257
0.00158477
0.000200576
0.00219899
0.00233503
0.000932696
0.0023756
0.00237863
0.00108763
0.00112951
0.00176891
0.00138862
0.0052079
0.000287742
0.00265863
0.00013121
0.000232385
0.000241298
0.000827794
0.000122489
0.00100001
0.00337348
0.000109233
0.000899468
0.000466757
0.00126527
0.00313129
0.00242454
0.00130829
0.000344081
0.000441408
0.00284634
0.0052783
0.00394828
0.00107263
0.00186009
0.00141901
0.000488688
0.00563044
0.000549066
0.00318797
0.00110805
0.00167384
0.00228537
0.00351789
0.000508129
0.00252808
0.000790119
7.17985e-05
0.00159989
0.00581726
0.00311008
0.00244319
0.000426061
0.00383299
0.00179712
0.00324577
0.00520007
0.0021025
0.00226552
0.000373786
0.000606734
0.00120489
0.00141956
0.000758767
9.1972e-05
0.00251067
0.000559214
0.00121191
0.000825832
0.000575421
0.00290622
0.00111283
0.00285924
0.000318772
0.000202885
0.000934691
0.000889423
0.00157201
0.00117597
0.00365809
0.00312537
0.0013048
0.00157112
0.00351805
0.000327681
0.00120653
0.000432557
0.00347647
0.00324545
0.00402109
0.000650508
0.00210551
0.00205641
0.00069009
0.000457594
0.000664462
0.000981322
0.00272927
0.000259739
0.00209946
0.000584265
0.00356063
0.000784102
0.00164
0.000582251
0.00107864
0.000648373
0.0014107
0.00199253
0.000937337
0.00248856
0.00152252
0.000912198
0.00164054
0.000798089
0.000863321
0.000146501
0.000931686
0.000397624
0.000546934
0.00267193
8.74768e-05
0.000729312
0.000910154
0.00227801
0.00056611
0.00126308
0.000957356
0.00130861
8.44145e-05
0.00037246
0.00114337
0.000242365
0.00228842
0.000384035
0.00127023
0.00127674
0.00187683
0.00137613
0.00327814
0.000943687
0.000376708
0.00106556
0.000789755
0.0015279
0.00113224
0.000608647
0.00123586
0.000588776
0.000145893
0.00378244
0.00330983
0.00324851
0.0019547
0.00218724
0.0018223
0.00336969
0.00133299
0.000963893
0.00257495
0.00125254
0.00195273
0.00115846
0.000926331
0.000314747
0.000495228
0.00231551
0.00117772
0.000764652
0.00010155
0.00022903
0.00393938
0.00240634
0.00141127
0.0029244
0.00361664
0.00273665
0.00115981
0.00137315
0.00127603
0.00186204
0.00127344
0.00144993
0.00103327
0.00102852
0.00129937
0.000974965
0.00280979
0.00023445
0.00142333
0.00112691
0.0042287
0.00288238
9.3216e-05
0.000240555
0.00021496
0.00121699
0.00116193
0.004858
0.00331965
0.000610333
0.00253243
0.00246186
0.000542499
0.00165969
0.00386766
0.000819334
0.00585188
0.00268312
0.000149595
0.00303775
0.000383357
0.000618507
0.00109952
0.00350627
0.00258819
0.00252242
0.000276421
0.00309261
0.00225738
0.000994132
0.000695521
0.00347813
0.00363698
0.00015387
0.00143863
0.00459111
0.000969593
0.0022
0.000725975
0.000262116
0.00350374
0.000769849
0.00371044
0.00107143
0.00172831
0.00125135
0.00103495
0.00155448
0.00173599
0.000370844
0.00217713
0.0010916
0.000332512
0.00160747
0.00131482
0.00071413
0.00109359
0.00194496
0.00190118
0.0024199
0.0016949
0.00576698
0.00115226
0.00135272
0.00013516
0.00184481
0.00121825
0.00441031
0.00276778
0.00321349
0.000667651
0.00160855
0.00288192
0.0001029
0.00240816
0.000163691
0.00205382
0.00106545
0.00132644
0.000917962
0.00132344
0.000835554
0.000462631
0.000432551
0.00106171
0.00325734
0.000414565
0.00285159
0.00193711
0.00101099
0.000664929
0.000149869
0.000849622
0.000706866
0.00315558
9.36756e-05
0.000307515
0.00210851
0.00172317
0.0038619
0.00202799
0.00108373
0.00181251
0.00361347
0.000189246
0.000464636
0.00124692
0.000442229
0.000435423
0.000703564
0.00339169
0.00361101
0.000235939
0.00266258
0.000321357
0.000946248
0.00162204
0.00273707
0.00452962
0.00109078
0.00256938
0.00041818
0.000534718
0.00147382
0.00197016
0.00272293
0.00225098
0.000408374
0.00540544
0.00051049
0.00193471
0.000120558
0.00456067
0.000428625
0.00046842
0.00420004
0.000493739
0.000819572
0.00194812
0.000298994
0.00154617
0.00154537
0.000242683
0.000463169
6.63937e-05
0.000809807
0.00157015
0.00236285
0.000937035
0.0107288
0.00498029
0.000596134
0.000610465
0.00173624
0.00104776
0.00145729
0.000306403
0.00220902
0.000148348
0.000901052
0.00163264
8.44412e-05
0.00133936
0.00344255
0.00165347
0.00100838
0.00342066
0.002529
0.000265614
0.00292672
0.000859805
0.00278615
0.000252559
0.000247995
0.00245216
0.000903013
0.000896195
0.000400127
0.00230027
0.000292316
0.00319172
0.00505987
0.00153772
0.00352112
0.000665648
0.00392339
0.00158783
0.00270465
0.000666311
0.00278288
0.00043667
0.00167439
0.000360485
0.000796782
0.00138446
0.00387897
0.00202869
0.00191791
0.000241991
0.00300036
0.00283646
0.000367706
0.0040115
0.00054088
0.00510651
0.000229863
0.00367006
0.000307073
0.00247691
0.000352973
4.16155e-05
0.00140136
0.00289691
0.000220676
0.0020947
0.000780609
0.00263139
0.00168578
0.00351582
7.91583e-06
0.00295618
0.00158337
0.00153043
0.00307071
0.000427862
0.000803399
0.00153658
0.00106303
0.00104935
0.00068727
0.000253044
0.00118004
0.000523783
0.000441088
0.00276182
0.00248463
0.00249607
0.000108369
0.000433898
0.00289612
0.000440613
0.00184048
0.0011855
0.00128107
0.00344567
0.000221127
0.000897918
0.000235683
0.000453287
0.000617782
0.000917035
0.00089112
0.00222734
0.000193962
0.00116714
0.000258038
0.000648021
2.0869e-06
0.00140078
0.000567318
0.0029526
0.00024972
0.00323794
0.00246574
0.00346015
0.000410835
0.000471797
7.56239e-05
7.70372e-34
0.00382056
0.00163658
0.000595699
0.00361852
0.00405165
0.00356424
0.00103489
0.0025408
0.00131086
0.00175702
0.0021602
0.00117957
0.00170353
0.00142814
0.00260314
0.000313376
0.000719299
0.000298606
0.000443836
0.000264638
0.000853638
0.000455269
0.000235285
0.000384249
0.000467056
0.00158791
0.0012239
0.000641771
0.00281114
0.00581938
0.00101605
0.000871995
0.00111173
0.00162156
0.0032603
0.000586022
0.000783299
0.000860997
0.000628324
0.00084944
0.00083802
0.00204563
0.00330368
0.000229678
0.000708461
0.0016233
0.000607015
0.00193325
0.000589322
0.00117867
0.000231055
0.000236388
0.000501807
0.0007366
0.000130611
5.50562e-05
0.000429661
0.000465994
0.000296369
0.00124195
0.00201509
0.00128979
0.000593243
0.000500022
0.000809044
0.00137951
0.000800529
5.72687e-05
0.000948758
0.000187266
0.0027758
0.000647329
0
0.00432776
0.000340238
0.00135479
0.000255789
0.000547572
0.000344355
0.0012301
0.00138724
0.000274357
0.00210872
0
0.000608186
0.000857603
0.00144562
0
0.00544073
0.000751096
0.000361243
0.00284119
0.00125051
0.000322975
0.000764821
0.00341678
7.70372e-34
4.59933e-05
0.000301738
0.000918018
0.00193756
0.00549144
0.000172137
0
0.00287428
0.000192455
0.00186646
0.000147227
0.0012964
0.0077512
0.000116337
0.00458791
0
0.000335224
0.000693402
0.000301326
0
0.000971122
0.00122172
0.00304301
0.000727763
7.97572e-05
0.000193416
0.000961602
7.70372e-34
0.00175558
0.00081828
0.000414619
0.000813755
0
0.000150167
0.00014665
0.00510572
0.00166494
0.00115187
0.00376868
0.000498335
0.000205813
0.000510513
0.000231767
0.00136597
9.02673e-05
0.00215056
0
0.000230643
0.0013103
0.000788684
0.000991123
0.000410222
0.00129614
0.000254218
0.00063479
0.00341882
0.00297396
0.000299562
0.000834815
0.000520543
0.000169622
0.00166967
0.000627433
0.000693937
0.000729374
0.00247423
0.000723144
0.00274583
0.0011773
0.000362055
0.000329509
0.00501607
0.00168939
0.000814674
0.000524566
0.00153281
0.00090195
0.000353945
0.0014012
0.000823732
0.00365482
0.00109881
0.000638228
0.000594693
0.00176834
0.00146078
0.00180599
0.00223876
0.00276188
0.00273118
0.000524268
0.0030725
0.00222819
0.000727516
0.00100927
0.00141331
0.00304022
0.00102418
0.00398605
0.00171915
0.000429204
0.00183356
0.000468057
0.00283881
0.00109022
0.00159498
0.00195294
0.000128392
0.00483077
0.000534178
0.000788939
0.00205236
7.8179e-05
0.00216768
0.00288176
0.0033783
0
0.00181147
0.0015194
0.000136808
0.000254271
0.000196888
0.00324237
0.00122942
0.000199586
0.000570844
0.00217348
0.000446231
0.000434276
0.00265319
0.000748289
0.00164649
0.00262475
0.00203122
0.00182143
0.00027424
0
0.000588291
0.000609059
0.000973253
0.000274543
0.000246044
0.00346626
0.000279223
0.00120818
0.000128958
0.000101089
0.00105675
0.000481248
0.000280307
0.000409095
0.000111427
0.000649885
0.00372705
0.00118658
0.00118753
0.000444318
0.000841945
0.000907783
0.000212919
0.000540474
0.000303502
0.000247999
0.00406915
0.000747262
0.00207473
0.00275494
0.00211484
0.000237389
0.00128385
0.000904224
0.000452297
0.00209886
0.000211211
0.00231864
0.000456147
0.00190293
8.67391e-05
0.00107177
0
0.00527103
0.00214346
0.00161364
0.00106892
0.000531756
0.00116667
0.000954062
0.000638548
0.00119651
0.000632594
0.000653636
0.000900004
2.06406e-05
0.00157645
0.00431443
0.00371719
0.00116576
0.000731868
0.00178024
0.000359866
0.00151845
0.00191581
0.000444486
0.00301345
0.000791528
0.00099086
0.00121812
0.000884997
0.00142098
0.00360138
0.00305715
0.00537002
0.00576587
0.00252633
0.00159134
0.00158652
0.000502124
0.000870814
0.00409117
0.00348994
0.00126928
0.000810434
0.00267394
0.00620351
0.00156519
0.00108867
0.000953452
0.00163603
0.000951067
0.00056673
0.00104763
0.00297745
0.00437414
0.00315261
0.000356755
0.00200862
0.00102553
0.00132099
0.000152843
0.000407468
0.00151267
0.000179124
0.00115903
0.00155755
0.000560895
0.000323676
0.000219306
0.000120703
0.00282754
0.000527681
0.00232805
0.000414436
0.00249882
0.000144798
0.00143436
0.000400331
0.000127976
0.000834233
0.000197363
0.00016848
0.000766465
0.000135821
0.00259632
0.000181297
0.000675466
0.000193987
0.000594056
0.00170422
0.00222226
0.00060901
0.00168462
0.000998683
0.0008642
0.00125495
0.000629897
0.000430956
0.00495771
0.00166379
0.000407557
0
0.000677784
0.00131121
0
0.000630819
0.000132885
0.000267486
0.000376501
0.00104624
0.000570068
0.00164762
0.000586941
0.0028594
0.00047136
0.00146118
0.00158187
0.00188004
0.000939074
0.000250014
0.000562344
0.00502963
0.000891767
0.000678036
0.000653339
0.000177696
0.000828368
0.000600297
0.000416097
0.00277382
0.00116262
0
0.000344527
0.00136411
0.00163644
8.29041e-05
0
0.000299294
0.00403804
0.000722048
0.000777464
0.00157436
0.000765866
0.00093873
0.00570368
0.00046402
0.00245317
1.90826e-05
0.000962357
0.00170996
0.0016689
0
0.00037244
0.000405761
6.76483e-05
0.000445561
0.000961675
0.000974999
0.00193528
0
0.000441427
0.00212895
0.00248447
0.00386089
0.00259476
0.00167729
0.00160313
0.000334766
0.000952537
0.000498312
0.00191317
9.5904e-05
0.000177672
0.00442725
0.000249163
0.000333001
0.000134956
0.00118923
0.000338324
0.000784443
0.00158811
0.000507145
0.000546606
0.00148755
0.000410488
0.000656639
0.00091577
0.00364412
0.000372235
0.00119465
0.00134461
0.000524936
0.00276847
7.70372e-34
0.00236079
0.00181445
0.00118086
0.00110759
0.00497461
0.000692634
1.25268e-05
0.00148215
0.00105227
0.000438315
0.00101619
0.00176172
0.000850805
0.0012015
0.00102113
0
0.000792027
0.00114696
0.000875155
0.00138925
0.000545099
0
0.000697135
0.007221
0.000699602
0.00403024
0.000596075
0.00151148
0.00159952
0.00147444
0.00198978
0.000479537
0.000533387
0.000584712
0.00091583
0.000433859
0.000266575
0.000731546
0.00121418
0.00106985
0.0018797
0.000733586
0.000925252
0.00330119
0.00112491
0.00055101
0.00579141
0.000195666
0.00352174
0.00101156
0.000283592
0.000744218
0.000135046
4.22576e-05
0.000217483
0.00121391
0.0016124
0.00263588
0.000362116
0.00176521
0.00269862
0.000207464
0.00133263
0.000451138
0.00342241
0.000157889
0.000929781
0.000995195
0.00289294
0.000415745
0.00299136
0.000414328
0.001101
0.00186938
0.00152253
0.0014801
1.2108e-05
0.00368061
0.000587534
0.000530909
0.001274
0.00254287
0.000358221
0.000747868
0.000818645
6.54982e-05
0.000933366
0.0001205
0.00242591
0.00146075
3.65948e-05
0.000939662
0.000198774
0.00285151
0.00171752
0.000116469
0.000757494
0.00287868
0.0024703
0.000488087
0.000170721
0.000855067
0.00126835
0.00118262
0.00348918
0.00148089
0
0.00163116
0.00120196
0.000399636
0.00231643
0.000895309
0.000714933
0.000809963
0.000273089
0.00255432
0.00250652
0.00702603
0.00559223
0.00295204
0.00136469
0.00349473
0.000312497
0.00022532
0.00119223
0.000758704
2.83201e-05
0.00292082
0.00219612
0.000588635
0.00129304
0.000303632
0.00292589
0.00217357
0.000728566
0.000693697
0.000734719
0.00184623
0.000186193
0.00177913
0.00067938
0.00119062
0.000467379
0.00158286
9.32479e-05
0.008992
0.00019578
0.00108325
0.00116572
0.000653286
0.000176404
0.0023417
0.000331034
0.00104137
0.00021
0.00190066
0.000462869
0.000408365
0.000335888
0.00025923
0.000750579
0.000305225
0.001513
0
0.00343219
0.00179001
0.000186482
0.00262714
0.00178948
0.00262982
0.000439868
0.000382396
0.000572571
0.00102408
0.00132856
0.000579301
0.000645953
0.000588938
0.00457244
0.000751056
0.000647296
0.000584126
0.000346676
0.000145134
0.00081199
0.00580265
0.000484465
5.27695e-05
0.00092565
0.0016522
0.000854974
0.00141072
0.000333369
0.00111108
0.0027503
0.00108961
0.00100117
0.00157788
0.00197119
0.00413083
0.000992107
0.000557075
0.000421348
0.00159849
0.000442317
0.00208539
0.00258368
0.000391638
0.00180729
0.00202315
0.00192166
0.00181627
0.000836757
0.00441741
0.000613619
0.000980314
0.00061379
0.00181301
0.00118861
0.00246456
0.00271873
0.000518675
0.00177311
0.000589619
0.00243655
0.00166355
0.00269291
0.000840056
0.00254581
0.00333301
0.00292256
0.00218315
0.00232324
0.000628688
0.000849918
0.00152952
0.00343448
0.000565656
0.000262253
0.00015619
0.000504322
0.00379567
0.000869574
0.00053705
0.00252949
0.00188848
0.000458978
0.00220291
0.00117881
0.000603801
0.000226733
0.00158969
0.000228684
0.00301785
0.000941942
9.17319e-06
0.000495896
0.00205181
0.00094294
0.000658418
0.00131896
0.00294153
0.00104189
0.00121556
0.00146633
0.00219396
0.000683408
0.00601286
0.00283271
0.00207345
0.00137656
0.000900527
0.00254967
0.000459737
0.000617107
0.00146847
0.00132043
0.000274303
0.000555795
0.00788108
0.00480522
0.000120925
0.00267342
0.000404346
0.00125341
0.000344659
0.00138389
0.00178758
0.00250902
0.000207004
0.00081038
0.00313443
0.00069509
0.000360786
0.000439117
7.94788e-05
0.000840151
0.000744776
0.00131758
0.00221688
0.000260616
0.00186765
0.00294974
9.46678e-05
0.0027922
0.00261039
0.00179875
0.000287441
0.00136305
2.8689e-05
0.00309106
0.000994577
0.000126242
0.00031382
0.00123653
0.00203506
3.55253e-05
0.000720838
0.000296282
0.00186756
0.000954054
0.000271661
5.17148e-05
0.000522386
0.0015249
0.000494948
0.00163344
0.0100054
0.00182744
0.000276676
0.000273862
0.000171669
0.000398056
0.00151119
0.000174822
0.000650286
0.00033127
8.66583e-05
0.000421242
0.0017496
0.00119891
0.000357828
0.00117415
0.000332961
0.000720206
0.000594623
0.00266471
0.00136331
0.000221033
0.00118668
0.00213975
0.00113478
0.000796792
0.00266624
0.0011009
0.000846032
6.28189e-05
0.00143268
0.000917927
0.000461253
0.00201588
5.53018e-05
0.00179499
0.000321566
0.000826945
0.000880255
0.000569903
0.00184066
0.00296098
0.000285307
7.12937e-05
0.00439801
0.00405004
0.00235797
0.00580157
0.00130958
0.00160204
0.00700062
0.000929234
0.000815956
0.00152255
0.00187897
0.000543304
0.00396584
0.000445611
0.000364676
0.000767294
0.000948279
0.00374306
0.000865533
0.000911195
0.000331116
0.000612109
0.000739449
0.000442531
0.000662504
0.00119821
0.000448416
0.00154305
0.0017189
0.00048206
0.000307625
0.000276479
0.00072361
0.00350673
0.001629
0.00168764
0.000174426
0.00502957
0.000817607
4.91086e-05
0.00091593
0.000211523
8.53464e-05
0.000833866
0.000361412
0.000348205
2.32285e-05
0.000162677
0.00122111
0.000603265
0.00381421
7.77566e-05
0.000581201
0.011624
0.00030895
0.000960019
0.000172353
0.00195868
0.00102988
0.000368821
0.00103829
0.000350692
0.00147178
7.53621e-05
0.00153459
0.000934212
0.00139987
0.00182685
0.000368502
0.00127191
0.0034406
0.0014158
0.00138758
0.000566953
8.66172e-05
0.000769845
0.00100827
0.000774359
9.16681e-05
0.00466775
0.000319424
0.00095709
0.00138772
0.000493456
0
0.000227748
0.000451043
0.000606076
0.00049492
0.00151149
0.000695603
0.00141089
0.00177343
0.000344726
0.00101011
0.00212835
0.000428562
0.001381
0.00224568
0.00290809
0.000455555
0.000442589
0.00112892
0.00231809
0.00183314
0.00322099
0.000613839
0.000672113
0.00254951
0.000196312
0.000587257
0.000180221
0.000255161
0.000932434
0.000743231
0.000754435
0.00108963
0.00234149
0.00161161
0.00183379
0.0036106
0.000776732
0.000932452
0.00161994
4.65135e-05
0.0005099
0
0.00056202
0.000153219
0.000596244
0.000424963
0.00232894
0.00403461
0.00274242
0.00149272
0.000812237
0.00167476
0.00199531
0.00124041
0.00076818
0.00323961
7.79882e-05
0.000508973
0.00287695
0.000256509
0.000506765
0.000655795
0.00162472
0.000427971
0.000414128
0.00146448
0.0045493
0.001234
0.00200286
0.00136622
0.00134568
0.000531358
0.000337206
0.000483151
0.000257365
0.00239227
0.00281487
0.00255726
0.0030562
0.00110564
0.000837936
0.000934422
0.000629783
0.000988467
0.000694381
0.000787811
0.00322674
0.00136536
0.00165473
0.00148009
0.00190036
0.000544422
0.000956074
0.000154152
0.0012203
0.000241849
0.00205039
0.00122381
0.00506544
0.000419729
0.00233193
0.000325926
0.00370649
0.00011866
0.000858636
0.000830118
0.000861426
0.00327208
0.00202801
0.001017
0.000510054
0.000361499
0.000438585
0.000309189
0.000819699
0.00145935
0.000120294
0.00135181
0.000612005
0.00264969
0.00251178
0.000598336
3.27687e-05
0.000132444
0.00320794
0.000713974
0.00254431
0.00222787
0.00417078
0.00140374
0.00149731
0.00225716
0.000689517
0.00141113
0.0015983
0.00113416
0.00532402
0.000990714
0.000649043
0.000244773
0.000526368
0.00057756
0.00389498
0.00176614
0.000656778
0.00132139
0.00126479
0.000335804
0.0022223
0.00203185
0.000334472
0.00162671
0.000984854
0.000941876
0.00261229
0.00110545
0.000258135
0.00158253
0.00310859
0
0.00042605
0.00222837
0.000802983
0.000528689
0.00132869
0.00186394
0.00151723
0.00160793
0.00413837
0.00415369
0.00695267
0.00193683
0.000654304
0.0047515
0.00243876
0.00255961
0.000281638
0.000177764
0.000554555
0.0015826
0.000554275
0.000226153
0.0022066
0.00227898
0.00172273
0.00285528
0.000639505
0.000442311
0.00382442
9.24408e-05
0.000133976
0.000617805
0.000167102
0.00112883
0.00122408
0.00138556
7.70372e-34
0.00224419
0.00127849
0.000296238
0.000230955
0.000175147
0.00235227
0.000965395
0.00236788
0.00125811
0.000467163
0.00107911
0.000788869
0.000145206
0.0013805
0.00161422
0.00146341
0.00208637
0.000819059
0.0014585
0.00045362
0.00103558
0
0.000842943
0.000498298
0.0027311
0.00211312
0.000280444
0.000415532
0.000803497
0.00200499
0.000945981
0.000165662
0.000146966
0
0.00188591
3.23186e-05
0.000337033
0.00013352
0.000672046
0.000414088
0.000548185
0.00322439
0.000526417
0.00139127
0.0012691
0.000668262
0.000787926
0.000942058
0.00582467
0.00116572
0.000718041
0.000320927
0.00120622
0.000864787
0.00157579
0.00361474
0.000109314
0.0013754
0.00110422
0.00246927
0.000909219
0.000424511
0.000150618
0.000421152
0
0.00026262
0.00391656
0.000351775
0.000864546
0.00105682
0.00323645
0.00148139
1.84078e-05
0.00124688
0.00258328
0.000351775
0.000593479
0.000379386
0.000979338
0.00384879
0.000684585
0.000687553
0.0010493
0.00205074
0.00199808
0.000446438
0.00131385
0.00031967
8.51574e-05
0.000926452
0.000423497
0.00056113
0.000787513
0.00122933
0.0012944
0.00129851
0.00122131
0.00045681
0.00141098
3.81873e-05
0.0002199
0.000761209
0.00264666
0.000768882
0.00253603
0.00168777
0.000110208
0.000326479
0.000817716
0
0.000490496
0.000322699
0.0025032
0.000468734
0.00144748
0.000458079
0.000799856
0.00492187
6.59593e-05
0.00163088
0.000355118
0.00279114
0.000973193
0.000122326
0.00174292
0.00076575
0.00161337
0.000715382
0.00198934
0.000211834
0.00064301
0.000602643
0.00106811
0.000294063
0.0014461
0.000371764
0.000238697
0.0032689
0.00192623
0.000801817
0.000905245
0.000886582
0.000150367
0.00058279
0.000866484
0.000535866
0.00114693
0.000964098
0.000370334
0.000400288
0.000475503
0.00277532
6.7627e-05
0.000244601
0.000950054
0.000333176
0.00467146
9.32671e-05
0.00114634
0.00373537
0.00379849
0.00176947
5.13604e-05
0.000764736
0.00419054
0.00493835
0.000569559
0.00177778
0.00143443
5.5821e-06
0.000391898
0.00128691
0.000321001
0.00235265
0.000672347
0.00410487
0.00138396
0.000792143
0.00116447
0.000684864
0.000198333
0.000562191
0.00423934
0.0026159
0.00371075
0.000336595
0.00151335
0.00064925
0.00017696
0.000509454
0.00103437
0
0.000318705
0.000941944
0.000855433
0.000175347
0.000102571
0.000481886
0.000341785
0.00337959
0.000764085
0.00103846
7.97362e-05
0.00128067
0.000262027
0.00038975
0.000161039
0.000435159
6.84792e-05
0.000831154
0.00035364
0.0016401
0.00145
0.000631121
0.000427577
0.00340361
0.000162431
0.00075919
0.00396127
0
0.000796552
0.000920314
0.00014141
0.000550343
0.000332065
0.000413264
0.00141515
0.000915624
0.00239256
0.0040417
0.00173171
0.00032868
0.00081724
0.000688284
0.00191717
0.000715385
0.000668176
0.000532879
0.000909189
0.000699425
0.00103819
0.00144601
0.000961905
0.000774646
0.00256591
0.000911898
0.00283656
0.00134372
0.00172598
0.00153125
0.0043708
0.000650265
0.00101108
0.00391634
0.00198964
0.00772561
0.00138526
0.000450961
0.000196307
0.00233008
0.00229748
6.11448e-05
0.00376499
0.00210302
0.00198938
0.00200457
0.00197786
0
0.0022745
0.00446818
0.00138462
0.000544092
0.00338079
0.00271139
0.000570657
0.000114581
0.000283431
0.000500132
0.00416381
0.001585
0.000205138
0.000169062
0.000967267
0.000588811
0.0010293
0.00293903
0.000573945
0.000946807
0.00201992
0.000543833
0.000449974
0.000793843
0.000389304
0.000228334
0.00057528
0
0.00165643
0.00038683
0.000240579
0.00113536
0.00162628
0.00272941
0.00199609
0.00146112
0.000542377
0.000528781
0.000327654
0.00150392
0.00217907
0.00022835
0.00020203
0.00534291
0.00104149
0.000670572
0.000748123
0.000161458
0.000180602
0.000443795
0.000320155
0.000301125
0.000554352
0.000651185
0.00241944
0.00210841
0.00255979
0.000152812
0.000756418
0.000535102
0.00333312
0.00356358
0.00015081
0.000572147
0.000846137
0.00108763
8.33101e-05
0.000638222
0.00201596
0.000556617
0.00143364
0.00132311
0.000810419
0.000779954
0.00123958
0.00101088
0.00371009
0.000257161
0.000959853
0.000953642
0.000432501
0.00133816
0.0012719
0.000846948
0.000444915
0.000269504
0.00274727
0.000496099
0.00175266
0.00241724
0.000385681
0.000158355
0.000675752
0.00041333
4.15542e-05
0.000943566
0.00111272
0.00379755
0.0021534
0.00128466
0.0011106
0.00059151
0.000314578
0.000708259
0.00133891
0.000862528
0.000529183
0.000844099
0.00167486
0.000830196
0.000741677
0.000530876
0.000883568
0.00199202
0.00039832
0.000612724
0.000488966
0.000159751
0.00010246
0.000346701
0.00889721
0.000447733
0.000429951
0.000413383
0.000505231
0.00115788
0.000346783
0.00708345
0.000900182
0.00104262
0.000452049
0.00470003
0.00150146
3.36774e-06
0.000599433
0.00160791
0.000281571
0.00184455
0.000609877
0.000226713
0.00543041
0.00129563
8.80498e-05
0.00320962
5.28004e-05
0.00250021
0.000190064
6.45115e-05
0.000946103
0.000886201
0.00246387
0.0011478
0.00236101
0.00035558
0.00150709
0.000437735
0.000708691
0.00186417
0.000330746
0.00159754
0.000313358
0.000652915
0.00141826
0.00226837
0
0.00314017
0.00295866
0.000833518
0.000100243
0.000458873
0.000980395
0.000795107
0.00158106
0.000615307
0.00160282
0.00018155
0.00016129
0.00202439
0.000734003
0.00118272
0.00245377
0.00110486
0.00103376
0.000359234
0.000699879
0.00100252
0.000626183
0.00283946
0.000147904
0.00331412
0.000518112
7.53083e-05
0.000288873
0.000242173
0.00145669
8.25743e-05
0.00150552
0.00125219
0.00112736
0.000493416
0
0.00137478
0.00080929
0.000704325
0
0.00163056
0.000147309
0.00518841
7.67934e-05
0.000942668
0.000394265
0.00533862
0.00110715
0.000382957
0.000153851
2.87064e-05
0.00021728
0.00153709
0.00262082
0.00420385
0.00112364
0.000201233
0.000301605
0.00124599
0.000737168
0.00337461
5.19173e-05
3.20603e-05
0.00253534
0.00186807
0.0018703
0.00341287
0.00030157
0.000797842
0.00224201
0.00102174
0.00528063
0.000870613
0.0014972
0.00157416
0.000177541
0.00252758
7.29594e-05
0.000664714
0.000193087
0.000345618
0.0037706
0.000187831
0.000188998
0.00173361
0.000282143
0.000392132
0.000797481
0.000356284
0.000751505
0.00336002
0.00202646
0.000890631
0.00019318
0.000953521
0.00478844
0.00195047
0.000927239
0.000941074
1.62955e-05
0.0048137
0
0.000166982
0.00123374
0.000447172
0.000435222
0.00155007
0.000213116
0.000669394
0.000191852
0.00297875
0.000447947
5.87653e-05
0
0.000606497
0.000793761
0.000632761
0.00390244
0.00159736
0.000811714
0.0011382
0.00138897
0.000656494
0.00249742
0.000213549
0.00116586
6.74605e-05
0.000536074
0.000609712
0.00448921
0.000833109
0.00128996
5.86108e-05
0.00183349
0.00356578
0.00417367
0.00144138
0.00100701
0.000288828
0.0023675
0.000806469
0.000412289
0.000495111
0.000474117
0.00173287
0.00177412
0.00162476
0.000447557
0.00233801
0.00078337
0.000725049
0.00132166
0.000207412
0.000233721
0.00546828
0.00190987
0.000851207
0.00295868
0.000542757
4.91737e-05
0.000883773
0.00111807
0
0.00035921
0.00150701
0.00111076
0.000370769
0.00169917
0.000792853
5.24298e-05
0.00115467
0.00126159
0.000114532
0.000285459
0.00117712
0.00458847
6.78151e-06
0.00217877
0.00122993
0.000634638
0.00068718
0.00193662
0.00111833
0.000598625
0.000938907
0.00103671
0.000802725
0.00205582
0.000276858
0.00105471
0.000243533
0.00284864
0.00102279
0.00152718
0.000271087
0.00193722
0.00205673
0.00268886
0.000469804
0.00155299
0.00155135
0.000796675
0.000603196
0.000607245
9.63294e-05
0.000143945
0.000545326
0.00245454
0.000570249
0.00118884
0.00192888
0.00228263
0.00098343
0.00544071
0.000347367
0.00244514
0.000994869
0.00734628
0.00303429
0.000491424
0.00613162
0.00158141
0.000686333
0.000907522
0.00124843
0.00538856
0.00131662
0.00111266
0.00207216
0.000357933
0.000440568
0.000362206
0.000394021
0.000200025
0.00117202
0.00113418
0.00136872
0.000312408
0.00045122
0.00025623
0.00025494
0
0.00371008
0.000431216
0.00131638
0.000119106
0.00406201
0.000433508
8.70391e-05
0.00102516
0.000237971
0.000178827
0.000260375
0.00314666
0.00601133
0.00061385
0.000283583
0.00230651
0.00084303
0.00185166
0.000626357
0.0012849
0.00152229
0.000599909
0.000635551
3.95219e-05
0.000996
0.000822717
0.00128395
0.00129037
0.000595888
0.000194271
0.000417749
0.00111256
0.000943638
0.00134786
0.00302537
0.000726346
6.71866e-05
0.00142885
0.000977135
0.000165354
0.000334418
0.000754623
0.000263683
0.000488866
0.000343118
0.0013604
0.00125277
0.00092848
0.0016339
0.000118088
0.000179407
0.000333082
0.000920222
0.00136118
0
0.000636638
3.73939e-05
0.00335051
0.00452686
0.00111794
0.00251223
0.00149671
0.000546493
0.00326257
0.000581568
0.00245769
0.000576062
0.00132518
9.86715e-05
0.000526036
0.00067696
0.000863813
0.00227864
0.000784915
1.60025e-05
0.00163126
0.000449395
0.00244097
0.000242472
0.000215867
0.00162632
0.00130279
0.000174486
0.00118714
0.000783362
0.00050874
0.000709346
5.64536e-05
0
0.000202633
0.000864694
0.000445177
0.000321676
0.000372591
0.000585677
0.00197507
0.000345708
0.0013376
0.00120842
0.000239394
0.00119562
0.00203696
0.00125055
0.00116339
0.00140529
0.00272824
0.00218626
0.00187355
0.00111698
0.000312959
0.000807983
0.00192655
0.000992458
0.000253376
0.00049844
0.00149498
0.000383991
0.00125072
0.00122559
0.000584122
0.0001398
0.000406171
0.000366748
0.00100641
0.000337937
0.000769411
0.00046854
0.00394528
0.000877785
0.00367051
0.000738306
0.00434598
0.00560822
0.000500807
0.0037562
0.00115698
0.00110219
0.000834415
0.00292233
0.000867444
0.0017048
0.000635128
0.000542539
0.000830423
0.00043922
0.000491288
0.000477582
0.00192833
0.000309015
0.000256561
0.000456988
0.000645895
0.000661974
0.00275998
0.000672001
0.00221027
0.00596253
6.66714e-05
0.000865852
0.000476787
0.00101994
0.000279193
6.64578e-05
0.00123329
0.00143855
0.00161827
0.00263335
0.000762448
0.00200898
0.00323614
0.00155295
0.00100122
0.000467048
0.00275062
0.00169875
0.000371956
0.000483595
0.00161424
0.000198469
0.000250576
0.000218454
0.00110978
0.000489513
0.000949542
0.000125434
0.00141094
0.00237233
0.000913863
0.00204498
0.00041042
0.000248866
0.000479229
0.000703791
0.00080069
0.00039487
0.000556612
0.000368047
0.000294529
0.000326284
0.000324085
0.00237306
0.000359117
0.00110643
0.00045417
0.00118725
0.000826938
0.00206761
0.000673488
0.000810309
0.00137971
0.000894753
0.000806971
0
0.00162559
0.00134207
0.00178665
0
0.000226838
0
0.00079321
0.00187332
0.0015176
0.00112498
0.0011238
0.00143191
0.000611663
0.00137879
0.00169139
0.000909352
0.000533396
0.000282411
0.000718843
0.00112813
0.000663871
0.000857492
0.00325925
0.000928566
0.00183667
0.00118621
0.00185263
0.000954729
0.000727278
0.00116083
0.00151082
0.000306371
0.00036065
0.000502593
0.000962364
0.00166559
0.00168847
0.00195089
0.000715292
0.00162058
0.000551986
0.00108982
0.000545521
0.000997141
0.00051911
0.000832992
0.00112947
8.99344e-05
0.00032408
0.00107463
0.00102017
0.00156225
0.000441329
0.00270453
0.000817649
0.00055935
3.76469e-05
0.00011991
4.21271e-05
6.75921e-05
0.00102656
0.000641168
0.00113972
0.000675783
0.00054087
0.000784157
0.000220694
0.000619791
0.000957977
0.000930481
0.000409687
0.000494043
0.00043547
3.4157e-05
0.00230222
0.00148887
0.00244535
0.00539495
0.000787127
0.00188921
0.000462925
0.000829602
0.00254782
0.0023892
0.00190898
0.00299521
0.000273131
0.000422924
0.000388232
0.003182
0.00116637
0.000242349
0.00205319
0.000197145
0.000292128
0.00148634
0.00054468
0.00107556
0.000132316
0.00156054
8.14106e-05
0.00306732
0.000717804
0.000790597
0.000924744
0.000129105
0.00206805
0.000525413
0.00250729
0.000759156
0.000522935
0.00049294
0.000607702
0.00127568
0.00199735
0.000867496
0.000438634
0.000770911
0.000140525
0
0
0
0.000235798
0.000552288
0
4.53315e-05
0.00136993
0.000143674
9.55331e-05
0.000171884
5.89771e-05
0.00182583
0.000654211
0.000273889
0.00087604
0.000718734
0.00375921
0.0032668
0.001939
0.00160266
0.000648808
0.000401774
0.00081495
0.00103476
0.00263969
0.00347371
0.000410727
0.00135594
0.00119785
0.00048938
0.00202131
0.000676789
0.000216347
0.000375094
0.000487149
0.000611823
0.000477538
0.00148505
0.000160728
0.000109297
0.00189079
0.000492595
0.00204329
0.00109601
0.00159031
0.000982186
0.00030768
0.00310914
0.00052545
0.00464757
0.00133436
0.000120432
0.000424894
0.00122184
0.00025693
0.000226129
0.0025636
0.00480714
1.52007e-05
0.000426407
0.000430395
0.00119763
0.00233968
0.00398615
0.000429544
5.65301e-05
0.00208555
0.000241823
0.00048677
0.00119799
0.000694702
0.00191025
0.000330265
0.00102501
0.000320562
0.00679078
0.000434333
0.000635846
0.00191084
0.0013055
0.000444396
0.000908627
0.000612198
0.00205035
0.00631321
0.00224124
0.000536773
0.000623825
0.00122258
0.000974123
0.00148098
0.00153229
0.00103648
0.00146625
0.00044445
0.000321988
6.07688e-05
0.00156563
0.000154293
0.000208615
0.00145263
0.000855412
0.000501963
0.00131914
0.000158652
0.00147144
0.000326846
0.000641189
0.000494743
0.000332461
0.000117792
0.000300281
0.00153531
0.000542089
0.00175246
0.00340144
0.00126156
0.000268276
0.000889139
0.00192433
0.000993722
0.000297081
0.00162146
0.000788909
0.000924158
7.52017e-05
0.00455093
0.000950014
0.00122732
0.001036
0.00194987
0.0016123
0.000210234
0.000490585
0.000876603
0.00194584
2.34815e-05
0.00256439
4.80169e-05
0.00144437
0.00312764
0.000342673
0.00130418
0.000860255
0.00032836
0.00238454
0.000272447
0.000276033
0.00166871
0.000532347
0.001189
0.00295396
0.000283268
0.000338656
0.00046801
0.00127583
0.00057754
0.000866294
0.000913533
0.00217326
0.000154579
0.00401115
0.00202523
7.0201e-05
0.004581
0.000379344
0.000438174
0.00312793
0.00131614
0.00138704
2.15442e-05
0.000574572
0.00065271
0.000437342
0.000447902
0.00160029
0.000645747
0.00102802
0.00419994
0.00399963
0.000159237
0.00107343
0.000799961
0.000363195
0.000904201
0.000362912
7.51477e-05
0.00103456
0.00115867
0.000870665
0.00051204
0.000834102
0.000219341
0.00321885
0
0.00124
4.75101e-05
0
0.000393094
0
0
0
0
0
0
0
3.08149e-33
0
0
0
0
0.0054938
0.00958463
0.000156363
0.00453662
0.00460156
0.00406563
0.000707768
0.000460326
0.000291852
0.00202939
0.000186901
0.000966422
0.0031864
0.00360795
0.000501448
6.52547e-05
0.000173467
0.00172928
0.000716068
0.00142138
0.0021425
0.00107966
0.00505597
0.00156793
0.00233754
0.000436284
0.00022392
0.00531187
0.00146186
0.000229338
0.000317279
0.000325418
0.00062484
7.06249e-05
0.00187995
1.47273e-05
0.00343612
0.000224833
0.000837068
0.000960326
0.000630058
0.00057508
0.000276308
0.000433112
0.000214739
0.00316853
0.000399725
0.00158339
0.000119691
0
0.000195137
0.00135562
0.000549088
0.000451953
0.000772576
0.000474387
0.00148987
0.000508766
0.000731839
0.00167485
0.000407531
2.73629e-05
0.001221
0.00142872
0.000550543
0.000299915
0.0001369
0.000752009
0.000749429
0.000590057
0.00111775
0.00107198
0.000584442
0.000542078
0.000289353
0.000866198
0.000532305
0.000464408
6.0414e-05
0.00131585
0.00203518
0.000388015
0.000793317
0.0049512
0.000131651
0.00021628
0.00149245
0.000244642
0.000658004
0.0021832
2.86599e-05
0.00104727
0.00103836
0
0.000912585
0.00237106
0.000483367
0.00015323
0.000502776
0.00272257
0.000948025
0.00110294
0.00251555
0.000611075
7.30319e-05
4.19563e-05
0.000655472
0.000709958
0.000648791
0.000154542
0.001671
0.000544992
0.000467095
0.000505746
0.00142828
0.000292218
0.000162753
0.00130794
0.00111991
0
0.000451185
0.000978572
0.000674578
0.000710495
0.00167021
0.000772547
0.000544541
0.000877472
0.00654561
0.000219046
0.000264172
7.79315e-05
0.00104574
0.00259755
0.000812705
0.000125162
0.00249177
0.000205659
0.000570044
0.000173135
0.00139772
0
0
0.00108908
0.000182254
0.000162244
0.00185964
0.000174888
0.0005617
0.00244572
0.000243191
0.00185688
0.000542504
0.000339869
0.000944222
0.00224544
0.000579516
0.000693325
0.000560058
0.00106525
0.000124804
0.000123683
0.00021664
0.000148047
0.00159352
0.000224702
