1.5664e-05
1.5664e-05
1.5664e-05
1.5664e-05
1.5664e-05
1.5664e-05
1.5664e-05
1.5664e-05
1.5664e-05
1.5664e-05
1.5664e-05
1.5664e-05
1.5664e-05
1.5664e-05
1.5664e-05
1.5664e-05
0.00745072
0.00745072
0.000826475
0.000826475
0.000826475
0.000826475
0.000826475
0.000826475
0.000826475
0.000826475
0.000826475
0.000826475
0.000826475
0.000826475
0.000826475
0.000826475
0.00086016
0.00086016
1.5664e-05
1.5664e-05
1.5664e-05
1.5664e-05
1.5664e-05
1.5664e-05
1.5664e-05
1.5664e-05
1.5664e-05
1.5664e-05
1.5664e-05
1.5664e-05
1.5664e-05
1.5664e-05
1.5664e-05
1.5664e-05
1.56344e-05
1.56344e-05
0.000933983
0.000933983
0.000826475
0.000826475
0.000826475
0.000826475
0.000826475
0.000826475
0.000826475
0.000826475
0.000826475
0.000826475
0.000826475
0.000826475
0.000826475
0.000826475
0.00880841
0.00880841
1.5664e-05
1.5664e-05
1.5664e-05
1.5664e-05
1.5664e-05
0.0184234
1.5664e-05
0.0670741
1.5664e-05
1.5664e-05
1.5664e-05
0.0293685
1.5664e-05
0.0971355
1.5664e-05
1.5664e-05
0.00745072
0.00745072
0.000826475
0.000826475
0.000826475
0.0690675
0.000826475
0.000826475
0.000826475
0.00169947
0.000826475
0.0917638
0.000826475
0.000826475
0.000826475
0.000826475
0.00086016
0.00086016
1.5664e-05
1.5664e-05
1.5664e-05
1.5664e-05
1.5664e-05
1.5664e-05
1.5664e-05
0.0869355
1.5664e-05
1.5664e-05
1.5664e-05
1.5664e-05
1.5664e-05
0.0444849
1.5664e-05
1.56294e-05
1.56344e-05
1.56344e-05
0.000933983
0.000933983
0.000826475
0.026571
0.000826475
0.000826475
0.000826475
0.000826475
0.000826475
0.00265813
0.000826475
0.00366601
0.000826475
0.000826475
0.000826475
0.000826475
0.00880841
0.00880841
1.5664e-05
1.5664e-05
1.5664e-05
1.5664e-05
0.00302459
1.5664e-05
0.0335584
0.125483
0.0114127
0.00789636
0.0902441
0.0325873
0.0541639
1.5664e-05
1.5664e-05
1.5664e-05
0.00745072
0.00745072
0.000826475
0.000826475
0.0317558
0.0331623
0.0284903
0.00789636
0.096732
0.00911982
0.07215
0.000826475
0.000826475
0.000826475
0.000826475
0.000826475
0.00086016
0.00086016
1.5664e-05
1.5664e-05
1.5664e-05
1.5664e-05
1.5664e-05
1.5664e-05
0.0863841
0.0293185
0.0540969
0.00789636
0.143861
0.00789636
0.0860323
0.0917346
1.5664e-05
1.5664e-05
1.56344e-05
1.56344e-05
0.000933983
0.000933983
0.000980085
0.000868542
0.0161954
0.00784565
0.0705198
0.0077986
0.0230293
0.0677123
0.000826475
0.000826475
0.000826475
0.000826475
0.000826475
0.000826475
0.00880841
0.00880841
1.5664e-05
1.5664e-05
1.5664e-05
1.5664e-05
0.000339177
0.10245
0.0624814
0.10272
0.00789636
0.0286138
0.0154479
0.108488
0.0518844
0.10272
1.5664e-05
0.0285626
0.00745072
0.00745072
0.000826475
0.0515053
0.0703652
0.0713955
0.00789636
0.0505491
0.00802029
0.0783176
0.064667
0.0706441
0.000826475
0.0211495
0.000826475
0.000826475
0.00086016
0.00086016
1.5664e-05
1.5664e-05
1.5664e-05
1.5664e-05
0.000144589
0.0636661
0.105273
0.044383
0.00789636
0.0430997
0.00789636
0.00788316
0.0195244
0.044383
0.036454
0.111194
1.56344e-05
1.56344e-05
0.000933983
0.00241672
0.0871922
0.0408844
0.00789636
0.0337842
0.00789636
0.00789636
0.00792716
0.0341439
0.0402263
0.0574922
0.000826475
0.000826475
0.000826475
0.000826475
0.00880841
0.00880841
1.5664e-05
0.000917832
1.5664e-05
0.000917832
1.5664e-05
0.0405212
1.5664e-05
0.000949059
0.104047
0.000917832
0.00385299
0.000917832
1.5664e-05
0.0413989
1.5664e-05
0.000917832
0.00745072
0.00798876
0.000826475
0.00867572
0.000826475
0.00900137
0.0643586
0.00133346
0.0196975
0.00133346
0.000826475
0.0259474
0.000826475
0.00133346
0.000826475
0.00133346
0.00086016
0.00141731
1.5664e-05
0.00795976
1.5664e-05
0.00768711
1.5664e-05
0.00768711
1.5664e-05
0.00765703
1.5664e-05
0.00768711
0.088475
0.0225517
1.5664e-05
0.00768711
1.5664e-05
0.00768711
1.56344e-05
0.00768708
0.000933983
0.00855589
0.000826475
0.022411
0.000826475
0.00866905
0.0876635
0.0142945
0.000826475
0.00866905
0.000826475
0.00866905
0.000826475
0.00866905
0.000826475
0.00866905
0.00880841
0.0191024
1.6902e-05
1.6902e-05
1.6902e-05
1.6902e-05
0.047187
1.6902e-05
0.123208
0.0819765
1.6902e-05
0.0686962
0.0524226
0.0108069
0.115726
1.6902e-05
1.6902e-05
1.6902e-05
0.00866168
0.00866168
0.00123052
1.5664e-05
0.122725
0.134595
1.5664e-05
0.0179604
0.00246417
0.00789636
0.117214
0.0168141
1.5664e-05
1.5664e-05
1.5664e-05
1.5664e-05
9.95074e-05
9.95074e-05
1.6902e-05
1.6902e-05
1.6902e-05
1.6902e-05
1.6902e-05
1.6902e-05
0.162997
0.101884
0.0940222
0.0473138
0.0361446
0.134393
0.0721414
0.158683
1.6902e-05
1.6902e-05
1.6902e-05
1.6902e-05
7.42475e-05
7.42475e-05
0.0784865
0.0241466
0.101016
0.0128282
0.00110669
0.118861
0.0733396
0.0157507
1.5664e-05
1.5664e-05
1.5664e-05
1.5664e-05
1.5664e-05
1.5664e-05
0.0158321
0.0158321
1.6902e-05
1.6902e-05
1.6902e-05
0.000200114
1.6902e-05
0.156701
0.153885
0.00789636
0.00789636
0.00789636
0.0223116
0.00789636
1.6902e-05
0.0259758
1.6902e-05
0.0463588
0.00866168
0.00866168
1.5664e-05
0.10002
0.0676172
0.00789636
0.00789636
0.00789636
0.00789636
0.00789636
0.00387676
0.0079075
1.5664e-05
0.0662842
1.5664e-05
1.5664e-05
9.95074e-05
9.95074e-05
1.6902e-05
1.6902e-05
1.6902e-05
1.6902e-05
1.6902e-05
0.000262406
0.0610375
0.0965977
0.00789636
0.00789636
0.00789636
0.00789636
0.129396
0.0188751
1.6902e-05
0.0641519
1.6902e-05
1.6902e-05
7.42475e-05
7.42475e-05
0.0124452
0.122233
0.00906603
0.00789636
0.00789636
0.00789636
0.0809772
0.00790757
2.00629e-05
0.0895602
1.5664e-05
1.5664e-05
1.5664e-05
1.5664e-05
0.0158321
0.0158321
1.6902e-05
1.6902e-05
0.00548425
1.6902e-05
0.114907
1.6902e-05
0.115203
1.6902e-05
0.00925973
0.0783513
0.118335
1.6902e-05
0.115203
1.6902e-05
0.0632249
1.6902e-05
0.00866168
0.00866168
0.0766609
1.5664e-05
0.0849103
1.5664e-05
0.0834372
0.000275525
0.113028
1.5664e-05
0.0849103
1.5664e-05
0.0623801
1.5664e-05
1.5664e-05
1.5664e-05
9.95074e-05
9.95074e-05
1.6902e-05
1.6902e-05
1.6902e-05
1.6902e-05
0.0170138
1.6902e-05
0.0173875
1.6902e-05
0.0404821
0.00463064
0.159387
0.113679
0.0173875
1.6902e-05
0.0173875
1.6902e-05
1.6902e-05
1.6902e-05
9.30371e-05
7.42475e-05
0.0120994
1.5664e-05
0.0120994
1.5664e-05
0.049857
0.104207
0.0120994
1.5664e-05
0.0120994
1.5664e-05
1.5664e-05
1.5664e-05
1.5664e-05
1.5664e-05
0.0158321
0.0158321
1.6902e-05
0.00907521
1.6902e-05
0.00907521
1.6902e-05
0.00907521
1.6902e-05
0.00907521
1.6902e-05
0.00907521
1.6902e-05
0.00907521
1.6902e-05
0.00907521
1.6902e-05
0.00907521
0.00866168
0.0133713
1.5664e-05
0.00650537
1.5664e-05
0.00650537
1.5664e-05
0.00650537
1.5664e-05
0.00650537
1.5664e-05
0.00650537
1.5664e-05
0.00650537
1.5664e-05
0.00650537
9.95074e-05
0.00666451
1.6902e-05
1.6902e-05
1.6902e-05
3.40971e-05
1.6902e-05
3.40971e-05
1.6902e-05
3.40971e-05
1.6902e-05
3.40971e-05
1.6902e-05
3.40971e-05
1.6902e-05
3.40971e-05
1.6902e-05
3.40971e-05
1.6902e-05
3.40971e-05
7.42475e-05
8.64384e-05
1.5664e-05
2.78549e-05
1.5664e-05
2.78549e-05
1.5664e-05
2.78549e-05
1.5664e-05
2.78549e-05
1.5664e-05
2.78549e-05
1.5664e-05
2.78549e-05
1.5664e-05
2.78549e-05
0.0158321
0.0158321
