0.00178025
0.00133037
0.00301563
0.00116795
0.0023571
0.00162441
0.00202078
0.00135373
0.00149824
0.000830687
0.00161707
0.00101706
0.00244892
0.00104736
0.00172947
0.0013277
0.00166042
0.00103827
0.00143295
0.000948748
0.00138308
0.000900782
0.00112949
0.000703658
0.00108814
0.000636975
0.00159166
0.000689097
0.00127673
0.00100663
0.0024628
0.00132904
0.00204333
0.00134314
0.00225686
0.00160777
0.0014095
0.000985842
0.00166173
0.00128007
0.00152332
0.00116167
0.0014475
0.0012072
0.0016165
0.00104815
0.00151317
0.00131588
0.00132223
0.00153424
0.00112556
0.00121793
0.00123623
0.000809953
0.00111851
0.000816819
0.00100326
0.000682836
0.00135497
0.000731395
0.00214095
0.00166527
0.00109079
0.000862614
0.000931589
0.000709108
0.000837878
0.00152332
0.0010621
6.48918e-05
0.00274018
0.000297589
0.00108883
4.91104e-05
0.000987024
0.00432734
0.00101869
0.000193257
0.000857097
0.00504175
0.000702587
0.000913305
0.000645927
0.000623427
0.000549854
0.000577916
0.000697766
0.000623991
0.000510914
0.000784057
0.000741639
0.00073626
0.000781068
0.000876507
0.00107932
0.000693085
0.000577185
0.000702504
0.000449361
0.00587643
0.00148669
0.00520647
0.000719401
0.00107059
0.00265622
0.00114361
0.00267925
0.000193431
0.000715934
0.00265521
0.000663382
0.000766807
0.000863868
0.000717795
0.000790155
0.000582186
0.000551474
0.000813003
0.000801667
0.000803263
0.000623725
0.000803964
0.00145674
0.00135672
0.00107621
0.00113053
0.000440388
0.000703219
0.00230496
0.00472906
5.30412e-05
5.27316e-05
0.000100917
5.95018e-05
4.80284e-05
0.00173491
2.2996e-05
0.000169133
0.00780661
0.000381664
0.00406638
0.00194374
0.00103673
0.000721111
0.000624385
0.000525766
0.000501858
0.000784022
0.000767551
0.000738084
0.000838064
0.000860678
0.000902896
0.000785806
0.000836111
0.00113845
0.0016211
0.00127567
0.00661489
0.00272596
0.00209389
0.0013897
3.9017e-05
3.81348e-05
5.75531e-05
0.00460331
0.000159136
6.31782e-05
0.00725732
0.000619545
0.000534161
0.000377058
0.00280271
0.00503293
0.000838412
0.000650684
0.000819382
0.000742629
0.000680543
0.000837883
0.000936244
0.000860129
0.000946403
0.000771778
0.00154363
0.00104316
0.000919016
0.000689068
0.000665384
0.000839268
0.00259162
0.000818695
0.0013843
0.000192273
0.00394108
0.00706295
0.00638464
0.0105155
0.00232919
0.000264817
0.00013811
0.00125101
0.00218866
0.000744394
0.000761007
0.000622309
0.000496657
0.000697091
0.00046689
0.000633552
0.000769765
0.000609814
0.00068916
0.000463156
0.000784904
0.000414378
0.00110008
0.000657228
0.00077712
0.00100736
0.000484136
0.000579564
0.000273279
0.000363575
0.00345282
0.000790512
0.0073424
0.00468122
0.00049187
0.000659499
0.00136516
0.000798314
0.00266567
0.000883769
0.000661486
0.000615221
0.000688298
0.000672729
0.000696664
0.000570458
0.00060471
0.0006323
0.000836754
0.00055487
0.000551304
0.000434369
0.000889292
0.00104515
0.000722797
0.000671908
0.00079574
0.000665953
0.000948747
0.000797908
0.00308687
0.00184257
0.0108529
0.000659556
0.00651081
0.000361298
0.000318645
0.00238529
0.0029147
0.00122715
0.000637108
0.000665093
0.000623574
0.000540087
0.000513978
0.000706559
0.000645783
0.00087934
0.000698625
0.00128037
0.000493427
0.000923829
0.000399929
0.00107146
0.000800907
0.000932717
0.000892493
0.00108322
0.000651929
0.000847221
0.000354146
0.00071869
0.00206966
2.9457e-05
0.000205276
0.000111835
0.000647149
0.0018379
0.00293665
0.000428375
0.000645547
0.000560912
0.000600846
0.000719022
0.000906581
0.000634104
0.000930736
0.000621458
0.000783262
0.000962078
0.000736882
0.000544464
0.000668809
0.000569375
0.000694363
0.000777209
0.00128705
0.000999761
0.000312119
0.00751868
0.000625383
0.000319532
0.00570971
0.00051463
0.021282
0.000267709
0.00618317
0.00128811
0.00379977
0.001915
0.00210408
0.000764115
0.000911451
0.000645847
0.00120958
0.000804676
0.00127326
0.000742202
0.000752548
0.00123022
0.00112203
0.000962466
0.00105373
0.00108734
0.00108321
0.00090657
0.000764413
0.000489311
0.000801525
0.000877293
0.00122094
0.00865824
0.000609803
0.00330441
0.0241193
0.00580092
0.0122803
0.0012313
0.00221218
0.000955936
0.00287042
0.000938653
0.0223438
0.00499374
0.0013924
0.0013115
0.000745491
0.000994042
0.000698296
0.00107662
0.00102742
0.00130545
0.00130599
0.00124819
0.00109873
0.00110416
0.00117064
0.00112118
0.000959565
0.000513829
0.000637886
0.000219912
0.00560375
0.00183086
6.47069e-05
0.00902431
0.0496057
0.00115295
0.000603526
0.00425929
0.00384401
0.000914673
0.00150429
0.00458973
0.000511659
0.00108566
0.00077124
0.00109803
0.000867909
0.00120168
0.00097913
0.00109151
0.00125707
0.00118242
0.00120651
0.000963933
0.00088221
0.00100931
0.00152336
0.000781528
0.000925128
0.000555483
0.000537337
0.0011203
0.00040165
0.000817137
0.000178756
0.00100388
0.00334996
0.0017065
0.000862404
0.000976178
0.000853035
0.00237662
0.000819596
0.00141108
0.000492058
0.000994894
0.000809389
0.000909036
0.00114084
0.00105971
0.000913065
0.00108373
0.000908514
0.000672707
0.00105244
0.0010305
0.00147536
0.001112
0.00109599
0.000494676
0.000942173
0.000212447
0.000897825
0.0324093
0.00095894
0.00705164
0.00138397
0.000179151
0.00167438
0.00317486
0.000858551
0.000798239
0.0011336
0.000647485
0.000766591
0.000517554
0.000603475
0.000605715
0.000997666
0.000680835
0.0012299
0.00113539
0.00171153
0.00124659
0.00151429
0.00130425
0.00183748
0.00168495
0.0021116
0.000716864
0.000625946
0.000446814
0.000642461
0.00193116
0.00482729
0.000845453
0.00114245
0.000505561
0.000879941
0.000549372
0.00136682
0.000691476
0.000630866
0.000695149
0.000626904
0.000394487
0.000662544
0.000760082
0.00104311
0.000594646
0.000691122
0.000967795
0.0011479
0.0014105
0.00124026
0.0010858
0.00132057
0.00206717
0.00135521
0.00237855
0.00170665
0.00159026
0.000790338
0.00310385
0.00194374
0.000653633
0.00310173
0.000300101
0.00392407
0.00518445
0.00518879
0.00412973
0.00135334
0.00158494
0.000126358
0.0104019
0.000679833
0.00315749
0.00280796
1.5751e-05
0.000562172
0.000764176
0.00193124
0.00104372
0.00775202
0.00471963
0.00133508
0.00645663
0.00465603
0.00687185
0.00384634
0.00291856
3.50873e-05
5.05277e-05
0.00216793
0.00145176
0.000297459
0.00159366
0.00970621
0.00618727
0.00790087
0.00478181
0.0005461
0.00527353
0.000857975
0.00503242
4.16691e-05
0.00577276
4.73761e-05
0.0051233
0.00291995
0.00809958
0.0140592
0.000951917
0.00512567
0.00010309
0.00300095
0.000359381
0.000248708
0.000369829
0.00348707
0.00147498
0.00634752
0.00440105
0.00817238
0.00817474
0.00128146
0.00137234
0.00394736
0.000763032
0.00837806
0.00131812
0.00211507
0.00062224
0.00153717
0.000536255
0.00181878
0.000666708
0.0026658
0.00230292
0.0014529
0.00228323
0.000437834
0.000619298
0.00690071
0.00152394
0.00308828
0.00754526
0.00440957
0.00938588
0.000567469
6.44552e-05
0.0203088
0.000174858
6.5641e-05
0.00847881
0.00934738
4.8018e-05
0.00213492
0.00159328
0.00761159
0.000223337
0.0120433
9.73901e-05
0.00504
6.16676e-05
0.00334229
5.63958e-05
0.00453492
0.000160411
6.41208e-05
0.00139359
0.00226935
0.00280561
0.000355073
0.0017558
0.00225965
0.000539664
0.000732271
0.00360616
0.000472095
0.00655683
0.000364998
0.00166527
0.00163923
0.00118348
0.00412094
1.07375e-05
0.00148491
0.00422003
8.2966e-06
0.0183258
0.00272084
0.000939611
0.00581089
0.00185836
0.00292748
0.0143437
0.00860081
0.000270895
0.000460809
0.000522126
0.000802224
0.000196634
0.00368904
0.000794725
0.000700404
0.000665948
0.00161707
0.024269
0.0128536
0.00462584
0.000380016
0.0194147
0.0106713
0.00619512
0.0217296
0.00958452
0.00138904
0.000711012
0.0190732
0.000413124
0.000817549
0.0262778
0.00734005
0.00119054
0.000361348
0.0283348
1.90943e-05
0.0318407
0.0196203
1.45897e-05
0.00242159
0.0118552
0.000653339
0.00101308
0.00264618
0.00179958
0.000740021
0.00264821
0.000893117
0.010215
0.00110406
0.000947938
0.00089257
0.00430658
0.000581181
0.00130679
8.39313e-05
0.00125529
0.0114208
4.14991e-05
0.00523921
0.00534933
0.00108622
0.00118738
0.00119861
0.010705
0.0012325
0.021644
2.65597e-05
0.000420238
0.000826531
0.000989135
0.00338415
0.00110589
0.00269513
0.00309952
0.000718252
0.00565135
0.000358131
0.00128114
0.00426129
0.00605774
0.000362774
0.00409621
3.73668e-05
2.30234e-05
0.00666174
0.00121984
3.36468e-05
0.00647674
0.000353718
0.00443439
0.00393323
0.00501174
0.000234254
0.000569092
0.00565976
0.00699416
0.000478499
0.00478576
0.00148389
8.60819e-05
4.17119e-05
0.00121309
4.09854e-05
0.000310158
4.64156e-05
0.00901718
0.000314012
0.00427738
0.0025126
0.00040071
0.000660228
0.00546694
0.00917383
0.0183331
7.33193e-06
0.0131802
0.0415839
0.00125012
0.000541973
0.0062058
0.000796302
0.00667414
0.00914265
0.000194429
0.00821146
0.00943584
0.0041028
0.000426375
0.00158261
0.0186486
3.99662e-05
2.38568e-05
0.0416792
0.00181911
0.00322778
0.00043287
0.00522522
0.00146404
0.00477384
2.54699e-05
0.0251334
0.00292375
0.00202746
4.42824e-06
0.047375
0.00459767
0.00102861
0.00152119
0.000274883
0.000833058
0.00113567
0.0374354
0.00530928
0.00317109
0.000572577
0.00648632
0.00212088
0.0054037
0.00195368
0.00720853
1.72592e-05
0.00304013
0.000703902
0.00313153
0.00373337
0.000301458
0.00120547
0.00490277
0.00847549
0.00620152
5.30018e-05
0.00832412
0.00366629
0.000936954
0.00196396
0.00807934
0.00560132
2.34972e-05
0.000116521
0.00321889
0.000580848
0.00511973
5.00144e-05
0.00113534
0.00114494
0.00310335
0.000406106
5.44706e-05
0.00492035
0.0046215
0.00103347
0.000752043
0.00110121
0.000106529
0.0114636
0.000532437
0.005487
0.012277
0.00235821
0.0015651
0.00594302
0.000179331
0.00315104
0.0300552
0.0122617
0.00811129
0.00506871
0.0069072
0.0067864
0.0118653
0.00503538
0.00158777
0.0132449
0.0123801
0.000133564
0.00125782
0.00105288
0.000758731
0.00947252
0.0020262
0.00781938
1.82013e-05
0.00239389
0.00253948
0.036662
0.0110131
0.000248216
0.000252712
0.00140799
0.0392928
0.00866057
0.0130591
0.0044465
0.00650348
0.000709661
0.00229594
0.00182183
0.0292263
0.00566147
0.033492
0.0078334
0.00154453
0.00121042
0.00124842
0.00426278
0.000889011
0.00373804
0.00128853
0.00730073
0.00207262
0.00814145
7.17564e-05
0.0201438
0.00297848
0.0153945
0.00127015
0.00159537
0.000891353
0.016127
0.00530014
0.00666427
0.00486514
0.0317744
0.00396649
0.00907362
0.000858903
0.00578069
0.00127194
0.00578928
0.00194933
0.00347963
0.000320809
0.00159538
0.0307545
0.00123961
1.47077e-05
0.00154055
0.00120567
0.00177413
0.00152467
0.00760797
0.000201723
0.0031724
0.00110831
0.002143
0.000886009
0.00348765
0.004634
0.00185073
0.0160449
0.000117749
0.0309136
0.000713246
0.0184236
0.0128589
0.00341806
0.00536502
0.0346996
0.0504825
0.0311783
0.00112748
0.000696435
0.000835222
0.000909384
5.24066e-05
0.0121153
3.6724e-05
8.74029e-05
3.69959e-05
0.0107555
0.00844727
0.00521374
0.00973709
2.83383e-05
0.00152764
0.0160134
0.0154666
0.0023037
0.00135102
0.00027103
0.000483868
0.00668899
7.80598e-06
0.0131966
5.28607e-05
3.22458e-05
0.0130776
0.00391728
0.00499285
6.4363e-05
0.0262008
0.00244175
0.00137438
0.0121468
0.00156696
0.00284447
7.88051e-05
0.0136193
0.00586123
3.73888e-05
0.0214873
3.63348e-05
0.0167367
0.0106813
0.013994
1.8147e-05
4.24855e-05
0.00190959
0.000815911
0.00647599
0.0055311
1.64004e-05
0.00902322
0.00655198
0.000198177
0.0054596
0.00109519
0.00640857
0.041173
0.0493075
0.0449946
0.000368676
0.000431249
0.0227605
0.000966462
0.00826013
5.88982e-05
0.000197058
0.000437293
0.028602
0.00496405
0.0217803
0.0267254
0.0165337
0.0348528
0.00561389
0.0121065
0.00731829
0.00272663
0.0322822
0.0163121
0.00326735
0.0123901
0.00261049
0.00204625
0.040956
0.0184752
0.000227331
0.0351917
6.25605e-06
0.0511496
0.0196969
0.00724799
0.0031944
0.00242162
0.0382343
0.00680982
0.0257465
0.00479203
0.00666035
0.00571246
0.0018912
0.000225246
0.000660017
0.0268076
0.00567054
0.0350641
0.000507376
0.00282494
5.05573e-05
0.0153176
0.000255657
0.000463455
0.0336818
9.84239e-06
0.0210006
0.0364356
0.00975289
0.0368247
0.00399503
0.0154043
0.000666197
0.0204358
0.0372201
0.0161433
0.00710858
0.00261131
0.0346006
0.0334551
0.000113038
0.0257952
0.0308881
0.00408694
0.000871414
0.036168
0.079649
8.8195e-05
0.00259466
0.00113848
0.00287052
0.00848431
2.67987e-05
0.00267851
0.000504929
1.68763e-05
0.00563135
0.00058201
0.0145825
0.0060431
0.00532294
0.000515806
0.00791129
0.00627791
0.0120852
0.025899
0.0102768
5.15923e-05
0.0218143
7.41806e-05
0.0142939
0.0202178
0.00557295
0.0257068
0.00195778
0.00466131
0.0182346
0.00375113
2.84865e-05
0.0433254
0.00106901
0.00673763
0.0184558
0.023055
0.011856
0.0184345
0.00398645
0.0376965
0.0312108
0.00507357
0.0119307
0.010863
0.00532969
0.00254925
0.0316268
0.00804363
0.00642736
0.00199726
0.000919425
0.000819243
0.00245043
0.000519036
0.000964554
0.0011773
1.18951e-05
0.0117963
3.05582e-05
0.0272603
0.00183783
0.00181246
0.00684129
0.00559635
0.0245598
0.00840582
0.0165034
0.0120363
0.0101394
0.0301756
0.00645365
0.00304999
0.00933541
0.0645877
0.0001656
0.00483335
0.0296596
0.00678416
0.0471163
0.0134641
0.00145464
7.91341e-05
0.0193631
0.00870875
0.00045783
0.000456223
0.00488139
0.00606703
0.0043821
0.00515487
0.0526951
0.0234845
0.0434145
2.58872e-05
0.00251888
0.00644495
0.0109174
0.0164198
0.007165
0.00515275
0.00170359
0.00589534
0.00324818
0.00128904
0.0463184
1.35577e-05
0.00168365
0.0262518
0.00897352
0.000663453
0.0079454
0.00450822
0.00377497
0.00872541
0.00579264
2.13686e-05
0.0216032
0.0180024
0.014444
0.00142126
0.000187088
0.00477378
0.00153162
0.000522344
0.0227937
0.00785327
0.00938736
0.00027186
0.00526253
0.00117182
0.00549479
0.00639005
0.000911965
0.00115235
0.0191251
0.00128034
0.00644643
0.0340087
0.000540598
0.000448071
0.0155937
0.00110881
0.00503392
0.00110004
0.00998189
0.00312123
0.0549259
0.00364403
0.0343285
0.0121729
0.0247178
0.00961775
0.00498749
0.0243336
0.00161708
0.00547124
0.00086336
0.00368943
0.00212078
0.00782059
0.000610386
0.0042097
0.0325453
0.0125529
0.00552463
0.00133475
0.000197667
0.00388573
0.00180995
0.00515617
0.000423491
0.00828653
0.0144843
0.0221611
0.00274849
0.00980184
0.0455046
0.00132942
0.00385828
0.00537684
5.32651e-05
0.0185755
0.00979816
0.00549986
0.00615477
0.0333473
0.00599939
0.0267124
0.00572506
0.0244429
0.00685483
6.59619e-05
0.0435021
0.0492465
0.0156777
0.012849
0.000131815
1.59944e-05
0.0330266
0.0251338
0.0078081
0.00696483
0.00849794
0.000223138
0.000462472
0.00585257
0.0165451
0.0135206
0.0121054
0.0182192
0.00501527
0.026669
0.0187443
0.0342365
0.00778059
0.00694332
0.0320254
0.00447652
0.00022514
0.0192641
0.00812862
0.0253401
0.00626062
0.00496124
0.0432609
0.00501337
0.00542874
0.0163652
0.00367791
0.0300607
0.0143567
0.00168007
1.9904e-05
0.0151071
0.00634744
0.0144669
0.00669787
0.00286575
0.00393688
0.00724045
0.00897948
0.0164458
0.00588931
0.0266997
0.00122808
0.0235059
0.00291024
0.00116076
0.0175802
0.000350679
0.0421165
0.022986
0.0257932
0.0107007
0.010784
0.0511163
0.0277543
0.0022432
0.0366803
0.00517876
0.0177781
0.000753062
0.011087
0.0143372
0.0293599
0.00219152
0.000986795
0.00534824
0.0275669
0.0242832
0.00942221
0.00532807
0.000361117
0.000161859
1.45869e-05
0.00342528
0.00713443
0.00105689
0.00233126
0.00623486
2.03573e-05
0.0167983
0.0262142
0.0323129
0.0283044
0.0304978
0.0315865
0.0176902
0.0129105
0.0019421
0.00354573
0.0358892
0.00327032
0.0179724
0.00225905
0.0142059
0.00324244
0.00430045
0.00220844
0.00407466
0.0131661
0.000232651
0.0322123
0.00304598
0.00743633
0.0150225
0.00493173
0.0277831
0.00621368
0.017456
0.0169188
0.0334408
0.000215789
0.0368006
0.000513225
0.0459744
0.00432979
0.0109181
0.00651359
0.0497473
0.00363374
0.00637726
2.44608e-05
0.0573712
0.00675066
0.0224235
0.0234891
0.0187721
0.000122459
0.0163487
0.0246586
0.0219441
0.0213337
0.0198889
0.000701026
0.00264027
0.0165228
0.00153758
0.000293006
0.0020831
0.00351792
0.00228873
0.00400579
0.0134712
5.18753e-05
0.0331524
0.0207493
0.0174516
0.0058931
2.05999e-05
0.0355386
0.00754359
0.00888322
0.00416176
0.000717647
0.0027504
0.0017212
0.00949978
0.00580762
6.08038e-05
0.0200617
0.0598397
1.37037e-05
0.000225233
5.41825e-05
6.92221e-05
6.13687e-05
0.0227892
0.0428182
0.00828893
0.036758
0.000180593
0.0358891
3.63199e-05
0.0385963
0.00436048
0.00486102
0.00279608
0.00249825
0.00961374
0.00513946
0.019574
0.00737144
0.0164992
0.00655608
0.0392858
0.00616376
0.0294089
0.00837735
0.00190318
2.82084e-05
0.00211703
0.00111271
0.00192266
0.0329427
0.0163974
0.020047
